0404050301868352415232100020000002280000000000000000006691553470354223090006545220001001000166222350069007959927156122000000001000166222350069000270
0404050301868352415232101020000002280000000000000000000874622024546673090006545220001001000166222350069001203128176122000000001000166222350069000022
0404050301868352415232102020000002280000000000000000007090223097881131090006545220001001000166222350069007029688136122000000001000166222350069000233
0404050301868352415232103020000002280000000000000000000797307991814052090006545220001001000166222350069001345459866122000000001000166222350069000187
0404050301868352415232104020000002280000000000000000004395494677045723090006545220001001000166222350069008298049416122000000001000166222350069000213
0404050301868352415232105020000002280000000000000000007127601775921553090006545220001001000166222350069009760210776122000000001000166222350069000190
0404050301868352415232106020000002280000000000000000005476945935859203090006545220001001000166222350069000182702486122000000001000166222350069000142
0404050301868352415232107020000002280000000000000000002847388084812709090006545220001001000166222350069007182312176122000000001000166222350069000157
0404050301868352415232108020000002280000000000000000004519821090570711090006545220001001000166222350069007830256406122000000001000166222350069000288
0404050301868352415232109020000002280000000000000000008254145444528113090006545220001001000166222350069009850382916122000000001000166222350069000041
