0404050301868352415232100040000002280000000000000000006119313974857417090006545220001001000166222350069002263952246122000000001000166222350069000298
0404050301868352415232101040000002280000000000000000007792513078131275090006545220001001000166222350069006423398146122000000001000166222350069000063
0404050301868352415232102040000002280000000000000000000266571781336457090006545220001001000166222350069002528715116122000000001000166222350069000026
0404050301868352415232103040000002280000000000000000005736409524394393090006545220001001000166222350069006997049536122000000001000166222350069000132
0404050301868352415232104040000002280000000000000000002126577225984533090006545220001001000166222350069003456231126122000000001000166222350069000239
0404050301868352415232105040000002280000000000000000006911958944279085090006545220001001000166222350069008408177836122000000001000166222350069000201
0404050301868352415232106040000002280000000000000000007142518734380835090006545220001001000166222350069003296879436122000000001000166222350069000293
0404050301868352415232107040000002280000000000000000002977849716968550090006545220001001000166222350069003627659026122000000001000166222350069000257
0404050301868352415232108040000002280000000000000000000337437884743297090006545220001001000166222350069007840521426122000000001000166222350069000114
0404050301868352415232109040000002280000000000000000008747705646018610090006545220001001000166222350069005202727146122000000001000166222350069000089
