0404050301868352415232100060000002280000000000000000005553669619744757090006545220001001000166222350069005016923876122000000001000166222350069000218
0404050301868352415232101060000002280000000000000000008385819234917877090006545220001001000166222350069000901520136122000000001000166222350069000277
0404050301868352415232102060000002280000000000000000008740164389573774090006545220001001000166222350069009382922966122000000001000166222350069000091
0404050301868352415232103060000002280000000000000000003253854386262001090006545220001001000166222350069004354505896122000000001000166222350069000011
0404050301868352415232104060000002280000000000000000007122184254798201090006545220001001000166222350069002759442666122000000001000166222350069000267
0404050301868352415232105060000002280000000000000000009236455579427864090006545220001001000166222350069007675888756122000000001000166222350069000101
0404050301868352415232106060000002280000000000000000004075615354218567090006545220001001000166222350069009842788796122000000001000166222350069000120
0404050301868352415232107060000002280000000000000000007979988089998614090006545220001001000166222350069006106930936122000000001000166222350069000025
0404050301868352415232108060000002280000000000000000009321445430763966090006545220001001000166222350069000067839506122000000001000166222350069000094
0404050301868352415232109060000002280000000000000000001156933371429481090006545220001001000166222350069006692785266122000000001000166222350069000160
