0404050301868352415232100070000002280000000000000000000469365496279288090006545220001001000166222350069004390769776122000000001000166222350069000001
0404050301868352415232101070000002280000000000000000009096968204844247090006545220001001000166222350069008617454436122000000001000166222350069000061
0404050301868352415232102070000002280000000000000000002298663756461893090006545220001001000166222350069006950596816122000000001000166222350069000061
0404050301868352415232103070000002280000000000000000000479335045715338090006545220001001000166222350069008332790696122000000001000166222350069000213
0404050301868352415232104070000002280000000000000000005469033492247123090006545220001001000166222350069006872159786122000000001000166222350069000244
0404050301868352415232105070000002280000000000000000005825771809845569090006545220001001000166222350069007402749456122000000001000166222350069000115
0404050301868352415232106070000002280000000000000000002178108854323608090006545220001001000166222350069003830668836122000000001000166222350069000158
0404050301868352415232107070000002280000000000000000000994046439954973090006545220001001000166222350069008449781316122000000001000166222350069000273
0404050301868352415232108070000002280000000000000000007275133030594004090006545220001001000166222350069005580485136122000000001000166222350069000264
0404050301868352415232109070000002280000000000000000008488916238354098090006545220001001000166222350069000253837296122000000001000166222350069000266
