0404050301868352415232100080000002280000000000000000005936004745840730090006545220001001000166222350069008136939676122000000001000166222350069000262
0404050301868352415232101080000002280000000000000000002696542654719889090006545220001001000166222350069005067948876122000000001000166222350069000174
0404050301868352415232102080000002280000000000000000006424710905088307090006545220001001000166222350069000542982746122000000001000166222350069000223
0404050301868352415232103080000002280000000000000000005099855482391494090006545220001001000166222350069008408241236122000000001000166222350069000081
0404050301868352415232104080000002280000000000000000005198207426365841090006545220001001000166222350069004570944116122000000001000166222350069000234
0404050301868352415232105080000002280000000000000000001070630567983801090006545220001001000166222350069002461768936122000000001000166222350069000222
0404050301868352415232106080000002280000000000000000007996230728760742090006545220001001000166222350069009458918956122000000001000166222350069000137
0404050301868352415232107080000002280000000000000000009905499066875983090006545220001001000166222350069009145419586122000000001000166222350069000133
0404050301868352415232108080000002280000000000000000000743389724179822090006545220001001000166222350069008489320616122000000001000166222350069000002
0404050301868352415232109080000002280000000000000000008612456225320432090006545220001001000166222350069007862779766122000000001000166222350069000208
