0404050301868352415232100090000002280000000000000000001250170592579334090006545220001001000166222350069003015482696122000000001000166222350069000140
0404050301868352415232101090000002280000000000000000001633214363954562090006545220001001000166222350069003157584966122000000001000166222350069000130
0404050301868352415232102090000002280000000000000000000101828611249289090006545220001001000166222350069003175490786122000000001000166222350069000136
0404050301868352415232103090000002280000000000000000001053065744661216090006545220001001000166222350069006973850326122000000001000166222350069000066
0404050301868352415232104090000002280000000000000000001270398885373865090006545220001001000166222350069001927694226122000000001000166222350069000142
0404050301868352415232105090000002280000000000000000003421739964883085090006545220001001000166222350069004080072486122000000001000166222350069000065
0404050301868352415232106090000002280000000000000000000239192475486371090006545220001001000166222350069005076557836122000000001000166222350069000202
0404050301868352415232107090000002280000000000000000009367270518482516090006545220001001000166222350069007786588206122000000001000166222350069000047
0404050301868352415232108090000002280000000000000000003337351758593381090006545220001001000166222350069006314100256122000000001000166222350069000059
0404050301868352415232109090000002280000000000000000008264989874748959090006545220001001000166222350069002057852536122000000001000166222350069000029
