0404050301868352415232100120000002280000000000000000000355248254844804090006545220001001000166222350069001503716786122000000001000166222350069000132
0404050301868352415232101120000002280000000000000000006460449239978143090006545220001001000166222350069007399901066122000000001000166222350069000057
0404050301868352415232102120000002280000000000000000004340249043452922090006545220001001000166222350069000860320196122000000001000166222350069000252
0404050301868352415232103120000002280000000000000000006417022636321424090006545220001001000166222350069008367658556122000000001000166222350069000255
0404050301868352415232104120000002280000000000000000000151527263431150090006545220001001000166222350069000748301166122000000001000166222350069000071
0404050301868352415232105120000002280000000000000000009969195010327535090006545220001001000166222350069001366581276122000000001000166222350069000077
0404050301868352415232106120000002280000000000000000005036585185608655090006545220001001000166222350069006919960216122000000001000166222350069000010
0404050301868352415232107120000002280000000000000000004747231806414664090006545220001001000166222350069009676356096122000000001000166222350069000178
0404050301868352415232108120000002280000000000000000001448420822741485090006545220001001000166222350069006311885596122000000001000166222350069000163
0404050301868352415232109120000002280000000000000000009787627865988775090006545220001001000166222350069009554550006122000000001000166222350069000178
