0404050301868352415232100130000002280000000000000000009623376531243875090006545220001001000166222350069002235110236122000000001000166222350069000159
0404050301868352415232101130000002280000000000000000007446017942520135090006545220001001000166222350069007568315356122000000001000166222350069000118
0404050301868352415232102130000002280000000000000000000824033344383767090006545220001001000166222350069005633725036122000000001000166222350069000126
0404050301868352415232103130000002280000000000000000007794959676385768090006545220001001000166222350069007655327626122000000001000166222350069000088
0404050301868352415232104130000002280000000000000000005820648144212896090006545220001001000166222350069004960762366122000000001000166222350069000104
0404050301868352415232105130000002280000000000000000002300218066795061090006545220001001000166222350069009224137176122000000001000166222350069000153
0404050301868352415232106130000002280000000000000000001483180981960064090006545220001001000166222350069006303906646122000000001000166222350069000292
0404050301868352415232107130000002280000000000000000004501781566632400090006545220001001000166222350069003483739566122000000001000166222350069000020
0404050301868352415232108130000002280000000000000000005891334835167832090006545220001001000166222350069003452000196122000000001000166222350069000111
0404050301868352415232109130000002280000000000000000001304093856853504090006545220001001000166222350069008904633946122000000001000166222350069000153
