0404050301868352415232100140000002280000000000000000007168178906227140090006545220001001000166222350069003251963746122000000001000166222350069000043
0404050301868352415232101140000002280000000000000000004117506762630973090006545220001001000166222350069008272014466122000000001000166222350069000076
0404050301868352415232102140000002280000000000000000006918823155733235090006545220001001000166222350069005320390626122000000001000166222350069000155
0404050301868352415232103140000002280000000000000000006824444155704127090006545220001001000166222350069005708703606122000000001000166222350069000062
0404050301868352415232104140000002280000000000000000000659241238229451090006545220001001000166222350069007568207606122000000001000166222350069000163
0404050301868352415232105140000002280000000000000000001236541390450143090006545220001001000166222350069008117626066122000000001000166222350069000204
0404050301868352415232106140000002280000000000000000005043782430088458090006545220001001000166222350069004508575686122000000001000166222350069000112
0404050301868352415232107140000002280000000000000000009065388981657405090006545220001001000166222350069002062695366122000000001000166222350069000152
0404050301868352415232108140000002280000000000000000009871707271360951090006545220001001000166222350069009873495186122000000001000166222350069000151
0404050301868352415232109140000002280000000000000000006546556561983618090006545220001001000166222350069004636566046122000000001000166222350069000276
