0404050301868352415232100150000002280000000000000000001783952847440550090006545220001001000166222350069006086151786122000000001000166222350069000035
0404050301868352415232101150000002280000000000000000006158437415790522090006545220001001000166222350069002458935896122000000001000166222350069000163
0404050301868352415232102150000002280000000000000000006348317822264176090006545220001001000166222350069009336833216122000000001000166222350069000020
0404050301868352415232103150000002280000000000000000009241429479547816090006545220001001000166222350069009674153286122000000001000166222350069000080
0404050301868352415232104150000002280000000000000000005279257010417933090006545220001001000166222350069006442397846122000000001000166222350069000066
0404050301868352415232105150000002280000000000000000000993326860694692090006545220001001000166222350069000864526106122000000001000166222350069000050
0404050301868352415232106150000002280000000000000000007320474918344297090006545220001001000166222350069007041541886122000000001000166222350069000159
0404050301868352415232107150000002280000000000000000008035263869570742090006545220001001000166222350069009430359146122000000001000166222350069000249
0404050301868352415232108150000002280000000000000000009136293853504252090006545220001001000166222350069004218083296122000000001000166222350069000055
0404050301868352415232109150000002280000000000000000006200290737348961090006545220001001000166222350069002360994616122000000001000166222350069000144
