0404050301868352415232100160000002280000000000000000007778696345914167090006545220001001000166222350069005748393306122000000001000166222350069000237
0404050301868352415232101160000002280000000000000000009454591319402562090006545220001001000166222350069008727441556122000000001000166222350069000138
0404050301868352415232102160000002280000000000000000002104849952160436090006545220001001000166222350069004850622196122000000001000166222350069000130
0404050301868352415232103160000002280000000000000000009983611310334487090006545220001001000166222350069002595413206122000000001000166222350069000088
0404050301868352415232104160000002280000000000000000005284996771062868090006545220001001000166222350069003264065196122000000001000166222350069000266
0404050301868352415232105160000002280000000000000000005950050927074030090006545220001001000166222350069000458100286122000000001000166222350069000070
0404050301868352415232106160000002280000000000000000000883844655263597090006545220001001000166222350069008110765216122000000001000166222350069000051
0404050301868352415232107160000002280000000000000000002493285156332453090006545220001001000166222350069009543992066122000000001000166222350069000136
0404050301868352415232108160000002280000000000000000003824448893082464090006545220001001000166222350069008493436766122000000001000166222350069000214
0404050301868352415232109160000002280000000000000000007111621476111254090006545220001001000166222350069006298400546122000000001000166222350069000011
