0404050301868352415232100180000002280000000000000000005114634677403607090006545220001001000166222350069002037035596122000000001000166222350069000138
0404050301868352415232101180000002280000000000000000008247462150862786090006545220001001000166222350069004624374286122000000001000166222350069000258
0404050301868352415232102180000002280000000000000000007549016081480605090006545220001001000166222350069004355419166122000000001000166222350069000018
0404050301868352415232103180000002280000000000000000007336888101608875090006545220001001000166222350069000092855296122000000001000166222350069000288
0404050301868352415232104180000002280000000000000000000495817142180168090006545220001001000166222350069007033891946122000000001000166222350069000120
0404050301868352415232105180000002280000000000000000004111736531896985090006545220001001000166222350069008343527396122000000001000166222350069000239
0404050301868352415232106180000002280000000000000000006006382650247024090006545220001001000166222350069006803156166122000000001000166222350069000283
0404050301868352415232107180000002280000000000000000009444350954695033090006545220001001000166222350069007492197866122000000001000166222350069000220
0404050301868352415232108180000002280000000000000000009224979836964723090006545220001001000166222350069000872802206122000000001000166222350069000241
0404050301868352415232109180000002280000000000000000005509384319094189090006545220001001000166222350069003687780116122000000001000166222350069000132
