0404050301868352415232100200000002280000000000000000007553889338022914090006545220001001000166222350069009046652586122000000001000166222350069000277
0404050301868352415232101200000002280000000000000000001290415578387499090006545220001001000166222350069005759454826122000000001000166222350069000079
0404050301868352415232102200000002280000000000000000003061458003631706090006545220001001000166222350069000806672266122000000001000166222350069000173
0404050301868352415232103200000002280000000000000000004794727274272115090006545220001001000166222350069001969672886122000000001000166222350069000187
0404050301868352415232104200000002280000000000000000001809812044539153090006545220001001000166222350069008086748896122000000001000166222350069000179
0404050301868352415232105200000002280000000000000000008366573376119940090006545220001001000166222350069008652192386122000000001000166222350069000016
0404050301868352415232106200000002280000000000000000006248629576777852090006545220001001000166222350069009474535466122000000001000166222350069000027
0404050301868352415232107200000002280000000000000000001545632555616664090006545220001001000166222350069000087564276122000000001000166222350069000153
0404050301868352415232108200000002280000000000000000001838179941615846090006545220001001000166222350069009388701096122000000001000166222350069000198
0404050301868352415232109200000002280000000000000000005218447030811004090006545220001001000166222350069001337553286122000000001000166222350069000055
