0404050301868352415232100210000002280000000000000000008768615932920040090006545220001001000166222350069001125657126122000000001000166222350069000285
0404050301868352415232101210000002280000000000000000003703240508876931090006545220001001000166222350069009499812416122000000001000166222350069000261
0404050301868352415232102210000002280000000000000000000094007992807998090006545220001001000166222350069000886140616122000000001000166222350069000139
0404050301868352415232103210000002280000000000000000008605956617620727090006545220001001000166222350069002346652326122000000001000166222350069000157
0404050301868352415232104210000002280000000000000000006481320962939360090006545220001001000166222350069008828681006122000000001000166222350069000274
0404050301868352415232105210000002280000000000000000003100829438811412090006545220001001000166222350069007023571296122000000001000166222350069000241
0404050301868352415232106210000002280000000000000000009429640402181177090006545220001001000166222350069004154018066122000000001000166222350069000171
0404050301868352415232107210000002280000000000000000000588808926404663090006545220001001000166222350069003913799416122000000001000166222350069000018
0404050301868352415232108210000002280000000000000000001809702975988943090006545220001001000166222350069004570780406122000000001000166222350069000107
0404050301868352415232109210000002280000000000000000003754636236728313090006545220001001000166222350069004293667106122000000001000166222350069000149
