0404050301868352415232100230000002280000000000000000009212449255864965090006545220001001000166222350069007474992346122000000001000166222350069000152
0404050301868352415232101230000002280000000000000000009290008803795719090006545220001001000166222350069008147842396122000000001000166222350069000008
0404050301868352415232102230000002280000000000000000009636495713321646090006545220001001000166222350069006758317016122000000001000166222350069000222
0404050301868352415232103230000002280000000000000000002397364582166015090006545220001001000166222350069007585397056122000000001000166222350069000211
0404050301868352415232104230000002280000000000000000006402633865279397090006545220001001000166222350069008767703876122000000001000166222350069000015
0404050301868352415232105230000002280000000000000000001898954801638773090006545220001001000166222350069006008036356122000000001000166222350069000113
0404050301868352415232106230000002280000000000000000004645382387793233090006545220001001000166222350069001284711526122000000001000166222350069000052
0404050301868352415232107230000002280000000000000000008425365508932316090006545220001001000166222350069000102698986122000000001000166222350069000136
0404050301868352415232108230000002280000000000000000005886835941451223090006545220001001000166222350069004759156496122000000001000166222350069000251
0404050301868352415232109230000002280000000000000000008186610404670826090006545220001001000166222350069007176561896122000000001000166222350069000219
