0404050301868352415232100240000002280000000000000000005837485430498582090006545220001001000166222350069002134972866122000000001000166222350069000282
0404050301868352415232101240000002280000000000000000005679114956736968090006545220001001000166222350069008227309886122000000001000166222350069000046
0404050301868352415232102240000002280000000000000000002279854963982719090006545220001001000166222350069007931779886122000000001000166222350069000252
0404050301868352415232103240000002280000000000000000000753026110860701090006545220001001000166222350069006959114016122000000001000166222350069000162
0404050301868352415232104240000002280000000000000000007090316802337826090006545220001001000166222350069000539497716122000000001000166222350069000023
0404050301868352415232105240000002280000000000000000004019834820479701090006545220001001000166222350069007041651006122000000001000166222350069000019
0404050301868352415232106240000002280000000000000000004288525368382335090006545220001001000166222350069003805940966122000000001000166222350069000153
0404050301868352415232107240000002280000000000000000008964759875841671090006545220001001000166222350069003855910036122000000001000166222350069000068
0404050301868352415232108240000002280000000000000000005083914853769836090006545220001001000166222350069005133557726122000000001000166222350069000008
0404050301868352415232109240000002280000000000000000005875671894490944090006545220001001000166222350069001430886266122000000001000166222350069000111
