0404050301868352415232100260000002280000000000000000009907190907553526090006545220001001000166222350069004209795876122000000001000166222350069000292
0404050301868352415232101260000002280000000000000000007027177477481592090006545220001001000166222350069000227050006122000000001000166222350069000250
0404050301868352415232102260000002280000000000000000004684406741135834090006545220001001000166222350069005560621406122000000001000166222350069000200
0404050301868352415232103260000002280000000000000000002607235373125562090006545220001001000166222350069005312419306122000000001000166222350069000262
0404050301868352415232104260000002280000000000000000002496574060779509090006545220001001000166222350069000536079056122000000001000166222350069000236
0404050301868352415232105260000002280000000000000000001097471336263652090006545220001001000166222350069005180175986122000000001000166222350069000071
0404050301868352415232106260000002280000000000000000006623866406581034090006545220001001000166222350069009646634116122000000001000166222350069000198
0404050301868352415232107260000002280000000000000000003168028276747156090006545220001001000166222350069000440807766122000000001000166222350069000215
0404050301868352415232108260000002280000000000000000003047436815926306090006545220001001000166222350069008090026956122000000001000166222350069000068
0404050301868352415232109260000002280000000000000000009552646696090204090006545220001001000166222350069008001430386122000000001000166222350069000253
