0404050301868352415232100270000002280000000000000000009277367921459890090006545220001001000166222350069002095948356122000000001000166222350069000276
0404050301868352415232101270000002280000000000000000008683318123698295090006545220001001000166222350069002930437816122000000001000166222350069000035
0404050301868352415232102270000002280000000000000000005265491606257218090006545220001001000166222350069002647140576122000000001000166222350069000274
0404050301868352415232103270000002280000000000000000006307094359618458090006545220001001000166222350069005348876286122000000001000166222350069000282
0404050301868352415232104270000002280000000000000000004045403000989223090006545220001001000166222350069000935273896122000000001000166222350069000241
0404050301868352415232105270000002280000000000000000003736357789353464090006545220001001000166222350069006207209476122000000001000166222350069000057
0404050301868352415232106270000002280000000000000000006291129974173623090006545220001001000166222350069006388677076122000000001000166222350069000082
0404050301868352415232107270000002280000000000000000003919484543964508090006545220001001000166222350069004927801926122000000001000166222350069000144
0404050301868352415232108270000002280000000000000000005266769003367471090006545220001001000166222350069003034042396122000000001000166222350069000230
0404050301868352415232109270000002280000000000000000004279040103204946090006545220001001000166222350069006188932586122000000001000166222350069000255
