0404050301868352415232100280000002280000000000000000007335426610933946090006545220001001000166222350069001916506076122000000001000166222350069000098
0404050301868352415232101280000002280000000000000000005417690616984095090006545220001001000166222350069008463275536122000000001000166222350069000228
0404050301868352415232102280000002280000000000000000002419398288189526090006545220001001000166222350069005353299076122000000001000166222350069000285
0404050301868352415232103280000002280000000000000000001722873874603407090006545220001001000166222350069008733509926122000000001000166222350069000034
0404050301868352415232104280000002280000000000000000009568969035578381090006545220001001000166222350069002618082096122000000001000166222350069000115
0404050301868352415232105280000002280000000000000000006696370811571518090006545220001001000166222350069000115264386122000000001000166222350069000190
0404050301868352415232106280000002280000000000000000005240721623718284090006545220001001000166222350069008874240466122000000001000166222350069000093
0404050301868352415232107280000002280000000000000000008110905768840384090006545220001001000166222350069002109891446122000000001000166222350069000273
0404050301868352415232108280000002280000000000000000004470043652403954090006545220001001000166222350069001665260606122000000001000166222350069000107
0404050301868352415232109280000002280000000000000000003553818720577977090006545220001001000166222350069009384661326122000000001000166222350069000092
