0404050301868352415232100290000002280000000000000000007101114591664984090006545220001001000166222350069000415037456122000000001000166222350069000001
0404050301868352415232101290000002280000000000000000003818891495497922090006545220001001000166222350069001146962036122000000001000166222350069000204
0404050301868352415232102290000002280000000000000000006304341509870135090006545220001001000166222350069003654316666122000000001000166222350069000159
0404050301868352415232103290000002280000000000000000007700636876051675090006545220001001000166222350069005902837106122000000001000166222350069000155
0404050301868352415232104290000002280000000000000000008772448590017174090006545220001001000166222350069001539119836122000000001000166222350069000152
0404050301868352415232105290000002280000000000000000000877736451657031090006545220001001000166222350069008340506976122000000001000166222350069000109
0404050301868352415232106290000002280000000000000000006287021466005382090006545220001001000166222350069001086935046122000000001000166222350069000126
0404050301868352415232107290000002280000000000000000006355665687886932090006545220001001000166222350069002219179896122000000001000166222350069000290
0404050301868352415232108290000002280000000000000000003458104946704718090006545220001001000166222350069005808501746122000000001000166222350069000290
0404050301868352415232109290000002280000000000000000002680222260495749090006545220001001000166222350069009699734376122000000001000166222350069000095
