0404050301868352415232100310000002280000000000000000000345241602816384090006545220001001000166222350069007937306416122000000001000166222350069000264
0404050301868352415232101310000002280000000000000000003284888895983736090006545220001001000166222350069001590771406122000000001000166222350069000185
0404050301868352415232102310000002280000000000000000000334232803404742090006545220001001000166222350069007805926066122000000001000166222350069000263
0404050301868352415232103310000002280000000000000000001695472934541396090006545220001001000166222350069002113438996122000000001000166222350069000117
0404050301868352415232104310000002280000000000000000002625806519815257090006545220001001000166222350069002088394406122000000001000166222350069000020
0404050301868352415232105310000002280000000000000000007901357117405991090006545220001001000166222350069001255006896122000000001000166222350069000172
0404050301868352415232106310000002280000000000000000004585451577341370090006545220001001000166222350069009164282056122000000001000166222350069000207
0404050301868352415232107310000002280000000000000000005608592203487113090006545220001001000166222350069006985520936122000000001000166222350069000065
0404050301868352415232108310000002280000000000000000001906427507657628090006545220001001000166222350069001256621766122000000001000166222350069000016
0404050301868352415232109310000002280000000000000000005798153091202848090006545220001001000166222350069003896156996122000000001000166222350069000171
