0404050301868352415232100320000002280000000000000000009249177468138763090006545220001001000166222350069003476253396122000000001000166222350069000127
0404050301868352415232101320000002280000000000000000002980612091923463090006545220001001000166222350069007457149746122000000001000166222350069000033
0404050301868352415232102320000002280000000000000000008296415040539309090006545220001001000166222350069007788029346122000000001000166222350069000266
0404050301868352415232103320000002280000000000000000007270199785223751090006545220001001000166222350069008939339456122000000001000166222350069000041
0404050301868352415232104320000002280000000000000000006434861967702115090006545220001001000166222350069002470236566122000000001000166222350069000240
0404050301868352415232105320000002280000000000000000004762135084953733090006545220001001000166222350069003831463606122000000001000166222350069000276
0404050301868352415232106320000002280000000000000000002872895374624664090006545220001001000166222350069008445841526122000000001000166222350069000247
0404050301868352415232107320000002280000000000000000007500867277075109090006545220001001000166222350069000802463666122000000001000166222350069000195
0404050301868352415232108320000002280000000000000000001336039591328838090006545220001001000166222350069007562573096122000000001000166222350069000145
0404050301868352415232109320000002280000000000000000006657857996302748090006545220001001000166222350069007665213726122000000001000166222350069000199
