0404050301868352415232100340000002280000000000000000001220276245142641090006545220001001000166222350069003869049866122000000001000166222350069000166
0404050301868352415232101340000002280000000000000000003615498167464979090006545220001001000166222350069005579539746122000000001000166222350069000293
0404050301868352415232102340000002280000000000000000003734104324330232090006545220001001000166222350069003541504416122000000001000166222350069000189
0404050301868352415232103340000002280000000000000000004743495778593105090006545220001001000166222350069006693259846122000000001000166222350069000183
0404050301868352415232104340000002280000000000000000001861153828686012090006545220001001000166222350069001980661866122000000001000166222350069000100
0404050301868352415232105340000002280000000000000000008517615028139433090006545220001001000166222350069004525205306122000000001000166222350069000091
0404050301868352415232106340000002280000000000000000006487994960765078090006545220001001000166222350069003891112036122000000001000166222350069000275
0404050301868352415232107340000002280000000000000000000734596964658325090006545220001001000166222350069003065559516122000000001000166222350069000146
0404050301868352415232108340000002280000000000000000004404624181544129090006545220001001000166222350069003965452306122000000001000166222350069000235
0404050301868352415232109340000002280000000000000000001308642283746546090006545220001001000166222350069000062108896122000000001000166222350069000208
