0404050301868352415232100350000002280000000000000000001545841556679133090006545220001001000166222350069009387608366122000000001000166222350069000148
0404050301868352415232101350000002280000000000000000006227538601337462090006545220001001000166222350069009818762466122000000001000166222350069000011
0404050301868352415232102350000002280000000000000000002445342706518196090006545220001001000166222350069006210342686122000000001000166222350069000014
0404050301868352415232103350000002280000000000000000007472488990075188090006545220001001000166222350069002308644466122000000001000166222350069000168
0404050301868352415232104350000002280000000000000000008663484705628387090006545220001001000166222350069004682199876122000000001000166222350069000028
0404050301868352415232105350000002280000000000000000000673990799192914090006545220001001000166222350069001807755576122000000001000166222350069000016
0404050301868352415232106350000002280000000000000000005430224180147583090006545220001001000166222350069000073812146122000000001000166222350069000069
0404050301868352415232107350000002280000000000000000006117375407547915090006545220001001000166222350069004757279766122000000001000166222350069000102
0404050301868352415232108350000002280000000000000000008875539814557560090006545220001001000166222350069006950579936122000000001000166222350069000215
0404050301868352415232109350000002280000000000000000008025735086158388090006545220001001000166222350069002621265946122000000001000166222350069000109
