0404050301868352415232100370000002280000000000000000000433137156572909090006545220001001000166222350069000544940296122000000001000166222350069000042
0404050301868352415232101370000002280000000000000000003105658139023459090006545220001001000166222350069009574490546122000000001000166222350069000163
0404050301868352415232102370000002280000000000000000006901865124605599090006545220001001000166222350069002269414376122000000001000166222350069000286
0404050301868352415232103370000002280000000000000000005132017934786858090006545220001001000166222350069000948868886122000000001000166222350069000056
0404050301868352415232104370000002280000000000000000008017806062507939090006545220001001000166222350069005983203046122000000001000166222350069000253
0404050301868352415232105370000002280000000000000000004264849725507168090006545220001001000166222350069007968498216122000000001000166222350069000136
0404050301868352415232106370000002280000000000000000006920077412771365090006545220001001000166222350069009525857976122000000001000166222350069000030
0404050301868352415232107370000002280000000000000000004040425495408829090006545220001001000166222350069009939444316122000000001000166222350069000023
0404050301868352415232108370000002280000000000000000004475119643106432090006545220001001000166222350069007373265776122000000001000166222350069000202
0404050301868352415232109370000002280000000000000000003527233823151179090006545220001001000166222350069002185201266122000000001000166222350069000052
