0404050301868352415232100380000002280000000000000000006507383462329961090006545220001001000166222350069003973195256122000000001000166222350069000012
0404050301868352415232101380000002280000000000000000001269719347408991090006545220001001000166222350069005589816376122000000001000166222350069000024
0404050301868352415232102380000002280000000000000000003404045796460791090006545220001001000166222350069001882137406122000000001000166222350069000244
0404050301868352415232103380000002280000000000000000003641892955560049090006545220001001000166222350069002120551036122000000001000166222350069000222
0404050301868352415232104380000002280000000000000000009574222794752319090006545220001001000166222350069001822662946122000000001000166222350069000216
0404050301868352415232105380000002280000000000000000003552095013449457090006545220001001000166222350069006030195056122000000001000166222350069000035
0404050301868352415232106380000002280000000000000000000890978353617633090006545220001001000166222350069001169299516122000000001000166222350069000129
0404050301868352415232107380000002280000000000000000005465348291847929090006545220001001000166222350069007787100046122000000001000166222350069000124
0404050301868352415232108380000002280000000000000000009156516164862211090006545220001001000166222350069000794996986122000000001000166222350069000153
0404050301868352415232109380000002280000000000000000008195485603610865090006545220001001000166222350069007766710836122000000001000166222350069000106
