0404050301868352415232100420000002280000000000000000008452853717310878090006545220001001000166222350069006143542936122000000001000166222350069000193
0404050301868352415232101420000002280000000000000000005575443202044917090006545220001001000166222350069008471800446122000000001000166222350069000264
0404050301868352415232102420000002280000000000000000005039716891095050090006545220001001000166222350069008765021046122000000001000166222350069000244
0404050301868352415232103420000002280000000000000000002405244410974852090006545220001001000166222350069007959800496122000000001000166222350069000135
0404050301868352415232104420000002280000000000000000000935207835880724090006545220001001000166222350069002146144906122000000001000166222350069000235
0404050301868352415232105420000002280000000000000000004707735674763610090006545220001001000166222350069006505461846122000000001000166222350069000010
0404050301868352415232106420000002280000000000000000001972812601369971090006545220001001000166222350069005109025936122000000001000166222350069000113
0404050301868352415232107420000002280000000000000000004364507578081246090006545220001001000166222350069009207618766122000000001000166222350069000082
0404050301868352415232108420000002280000000000000000001647188944776676090006545220001001000166222350069008129232516122000000001000166222350069000099
0404050301868352415232109420000002280000000000000000002934767763530324090006545220001001000166222350069008092632886122000000001000166222350069000006
