0404050301868352415232100430000002280000000000000000008220794180636825090006545220001001000166222350069009034553816122000000001000166222350069000041
0404050301868352415232101430000002280000000000000000006306387499687429090006545220001001000166222350069001687200086122000000001000166222350069000123
0404050301868352415232102430000002280000000000000000000334975566707973090006545220001001000166222350069006031835756122000000001000166222350069000164
0404050301868352415232103430000002280000000000000000001895216192780940090006545220001001000166222350069002120437646122000000001000166222350069000062
0404050301868352415232104430000002280000000000000000000451315554085203090006545220001001000166222350069004701329336122000000001000166222350069000164
0404050301868352415232105430000002280000000000000000006747348587981814090006545220001001000166222350069008571929666122000000001000166222350069000110
0404050301868352415232106430000002280000000000000000008743528095757016090006545220001001000166222350069006152475996122000000001000166222350069000237
0404050301868352415232107430000002280000000000000000002928978446615690090006545220001001000166222350069004244998036122000000001000166222350069000123
0404050301868352415232108430000002280000000000000000000664966726795804090006545220001001000166222350069009257030266122000000001000166222350069000193
0404050301868352415232109430000002280000000000000000005706013035458166090006545220001001000166222350069004769730966122000000001000166222350069000089
