0404050301868352415232100440000002280000000000000000007438290396636091090006545220001001000166222350069006424029376122000000001000166222350069000281
0404050301868352415232101440000002280000000000000000005680989905280365090006545220001001000166222350069006695757926122000000001000166222350069000137
0404050301868352415232102440000002280000000000000000000839986454738837090006545220001001000166222350069007238478266122000000001000166222350069000137
0404050301868352415232103440000002280000000000000000008021425424690560090006545220001001000166222350069009479993846122000000001000166222350069000257
0404050301868352415232104440000002280000000000000000004015269907926708090006545220001001000166222350069000774134366122000000001000166222350069000071
0404050301868352415232105440000002280000000000000000001334024016776461090006545220001001000166222350069009834179716122000000001000166222350069000159
0404050301868352415232106440000002280000000000000000007086084524390210090006545220001001000166222350069006896919236122000000001000166222350069000058
0404050301868352415232107440000002280000000000000000004241744443991522090006545220001001000166222350069007508382946122000000001000166222350069000065
0404050301868352415232108440000002280000000000000000008028446407012838090006545220001001000166222350069002728079336122000000001000166222350069000170
0404050301868352415232109440000002280000000000000000007538354980429100090006545220001001000166222350069006976591306122000000001000166222350069000194
