0404050301868352415232100470000002280000000000000000004411089365702095090006545220001001000166222350069003840407366122000000001000166222350069000186
0404050301868352415232101470000002280000000000000000000473968858695200090006545220001001000166222350069001337932726122000000001000166222350069000170
0404050301868352415232102470000002280000000000000000003768793303946068090006545220001001000166222350069004150318816122000000001000166222350069000030
0404050301868352415232103470000002280000000000000000001880352630042574090006545220001001000166222350069003102876956122000000001000166222350069000270
0404050301868352415232104470000002280000000000000000001381357555131819090006545220001001000166222350069000150980726122000000001000166222350069000151
0404050301868352415232105470000002280000000000000000009685216459128140090006545220001001000166222350069009685385976122000000001000166222350069000210
0404050301868352415232106470000002280000000000000000009140310280239546090006545220001001000166222350069005992761416122000000001000166222350069000220
0404050301868352415232107470000002280000000000000000009031834712675353090006545220001001000166222350069004008768836122000000001000166222350069000180
0404050301868352415232108470000002280000000000000000005155422778910308090006545220001001000166222350069002680962926122000000001000166222350069000232
0404050301868352415232109470000002280000000000000000000307576644840542090006545220001001000166222350069004324680356122000000001000166222350069000218
