0404050301868352415232100500000002280000000000000000006566314521447793090006545220001001000166222350069005028582606122000000001000166222350069000000
0404050301868352415232101500000002280000000000000000005492887698523169090006545220001001000166222350069000305045206122000000001000166222350069000070
0404050301868352415232102500000002280000000000000000004898473942966672090006545220001001000166222350069001313866636122000000001000166222350069000156
0404050301868352415232103500000002280000000000000000000303330394000019090006545220001001000166222350069005860989346122000000001000166222350069000070
0404050301868352415232104500000002280000000000000000005221015412176143090006545220001001000166222350069000761653906122000000001000166222350069000294
0404050301868352415232105500000002280000000000000000008277012572336572090006545220001001000166222350069007589859446122000000001000166222350069000032
0404050301868352415232106500000002280000000000000000000015879653108873090006545220001001000166222350069001972224986122000000001000166222350069000227
0404050301868352415232107500000002280000000000000000008618359247331035090006545220001001000166222350069003714375736122000000001000166222350069000163
0404050301868352415232108500000002280000000000000000007199257215153276090006545220001001000166222350069000985104886122000000001000166222350069000013
0404050301868352415232109500000002280000000000000000005983711761075581090006545220001001000166222350069007302405476122000000001000166222350069000092
