0404050301868352415232100510000002280000000000000000005626895090836608090006545220001001000166222350069008152128756122000000001000166222350069000033
0404050301868352415232101510000002280000000000000000000072928196152067090006545220001001000166222350069004610278876122000000001000166222350069000240
0404050301868352415232102510000002280000000000000000008900988802413926090006545220001001000166222350069008793433286122000000001000166222350069000203
0404050301868352415232103510000002280000000000000000000806060611258734090006545220001001000166222350069000249484126122000000001000166222350069000180
0404050301868352415232104510000002280000000000000000000570703191277065090006545220001001000166222350069000677605716122000000001000166222350069000263
0404050301868352415232105510000002280000000000000000005764243512336138090006545220001001000166222350069003296261576122000000001000166222350069000061
0404050301868352415232106510000002280000000000000000004852200858214905090006545220001001000166222350069006023634986122000000001000166222350069000050
0404050301868352415232107510000002280000000000000000009898149613627875090006545220001001000166222350069003078354496122000000001000166222350069000281
0404050301868352415232108510000002280000000000000000008214615192473733090006545220001001000166222350069001377035526122000000001000166222350069000156
0404050301868352415232109510000002280000000000000000008194960912304027090006545220001001000166222350069001989776926122000000001000166222350069000057
