0404050301868352415232100530000002280000000000000000000853056102274936090006545220001001000166222350069004662527306122000000001000166222350069000123
0404050301868352415232101530000002280000000000000000008311371366758774090006545220001001000166222350069001652521936122000000001000166222350069000285
0404050301868352415232102530000002280000000000000000004242567219483004090006545220001001000166222350069003447250616122000000001000166222350069000072
0404050301868352415232103530000002280000000000000000007787720584350546090006545220001001000166222350069007622927876122000000001000166222350069000131
0404050301868352415232104530000002280000000000000000002756800947357882090006545220001001000166222350069007071915726122000000001000166222350069000168
0404050301868352415232105530000002280000000000000000000285876877698164090006545220001001000166222350069004972983006122000000001000166222350069000020
0404050301868352415232106530000002280000000000000000000084338485449863090006545220001001000166222350069006757303426122000000001000166222350069000109
0404050301868352415232107530000002280000000000000000007088584893736320090006545220001001000166222350069008249942656122000000001000166222350069000120
0404050301868352415232108530000002280000000000000000008862027491975750090006545220001001000166222350069009434469796122000000001000166222350069000214
0404050301868352415232109530000002280000000000000000002297683251467542090006545220001001000166222350069000889679886122000000001000166222350069000069
