0404050301868352415232100560000002280000000000000000003490940822277421090006545220001001000166222350069002272491586122000000001000166222350069000158
0404050301868352415232101560000002280000000000000000005345804913132947090006545220001001000166222350069008720087386122000000001000166222350069000029
0404050301868352415232102560000002280000000000000000008062739285895721090006545220001001000166222350069000309374906122000000001000166222350069000206
0404050301868352415232103560000002280000000000000000000240021063408246090006545220001001000166222350069008929259136122000000001000166222350069000143
0404050301868352415232104560000002280000000000000000000840570542072610090006545220001001000166222350069002523485276122000000001000166222350069000200
0404050301868352415232105560000002280000000000000000007489187000278540090006545220001001000166222350069008674654466122000000001000166222350069000180
0404050301868352415232106560000002280000000000000000005159603042415631090006545220001001000166222350069004634123076122000000001000166222350069000298
0404050301868352415232107560000002280000000000000000001051775117743441090006545220001001000166222350069005043239436122000000001000166222350069000029
0404050301868352415232108560000002280000000000000000005682317776585043090006545220001001000166222350069009074076006122000000001000166222350069000119
0404050301868352415232109560000002280000000000000000006636976022156340090006545220001001000166222350069003737737596122000000001000166222350069000044
