0404050301868352415232100630000002280000000000000000004610450455899725090006545220001001000166222350069000994336676122000000001000166222350069000006
0404050301868352415232101630000002280000000000000000004359400383010812090006545220001001000166222350069008295085926122000000001000166222350069000043
0404050301868352415232102630000002280000000000000000002779162294646613090006545220001001000166222350069006309337666122000000001000166222350069000272
0404050301868352415232103630000002280000000000000000002568454047656032090006545220001001000166222350069004486151036122000000001000166222350069000167
0404050301868352415232104630000002280000000000000000003788424511772064090006545220001001000166222350069005459855816122000000001000166222350069000298
0404050301868352415232105630000002280000000000000000009195246919833751090006545220001001000166222350069001137196266122000000001000166222350069000161
0404050301868352415232106630000002280000000000000000007152736593256923090006545220001001000166222350069005051590326122000000001000166222350069000275
0404050301868352415232107630000002280000000000000000005959534577373375090006545220001001000166222350069001006785216122000000001000166222350069000026
0404050301868352415232108630000002280000000000000000006165130052625528090006545220001001000166222350069008856995566122000000001000166222350069000020
0404050301868352415232109630000002280000000000000000009886197629468547090006545220001001000166222350069001247385066122000000001000166222350069000068
