0404050301868352415232100640000002280000000000000000004247483086609790090006545220001001000166222350069009476197566122000000001000166222350069000129
0404050301868352415232101640000002280000000000000000002821213517704313090006545220001001000166222350069006732653066122000000001000166222350069000161
0404050301868352415232102640000002280000000000000000000961764902952596090006545220001001000166222350069000598588976122000000001000166222350069000236
0404050301868352415232103640000002280000000000000000001981772037593158090006545220001001000166222350069009652862816122000000001000166222350069000035
0404050301868352415232104640000002280000000000000000000296832422670273090006545220001001000166222350069007579475306122000000001000166222350069000041
0404050301868352415232105640000002280000000000000000002657277343971041090006545220001001000166222350069004207199056122000000001000166222350069000098
0404050301868352415232106640000002280000000000000000003735508312833377090006545220001001000166222350069008998188416122000000001000166222350069000104
0404050301868352415232107640000002280000000000000000003293113567938550090006545220001001000166222350069008253229476122000000001000166222350069000188
0404050301868352415232108640000002280000000000000000005752613018368723090006545220001001000166222350069002138930626122000000001000166222350069000234
0404050301868352415232109640000002280000000000000000008795810582951583090006545220001001000166222350069007072014706122000000001000166222350069000122
