0404050301868352415232100650000002280000000000000000001121963905034481090006545220001001000166222350069009648432036122000000001000166222350069000215
0404050301868352415232101650000002280000000000000000005819139540586288090006545220001001000166222350069003850174356122000000001000166222350069000034
0404050301868352415232102650000002280000000000000000006010866336773375090006545220001001000166222350069009375003296122000000001000166222350069000168
0404050301868352415232103650000002280000000000000000003794218497376990090006545220001001000166222350069005660313386122000000001000166222350069000241
0404050301868352415232104650000002280000000000000000008372933260279474090006545220001001000166222350069001575084666122000000001000166222350069000251
0404050301868352415232105650000002280000000000000000008507579656198904090006545220001001000166222350069001837580636122000000001000166222350069000079
0404050301868352415232106650000002280000000000000000007315981613309149090006545220001001000166222350069009699158016122000000001000166222350069000275
0404050301868352415232107650000002280000000000000000005176676827763082090006545220001001000166222350069002571676096122000000001000166222350069000160
0404050301868352415232108650000002280000000000000000001575085101937187090006545220001001000166222350069001527534466122000000001000166222350069000264
0404050301868352415232109650000002280000000000000000006505574022105070090006545220001001000166222350069007312375756122000000001000166222350069000048
