0404050301868352415232100670000002280000000000000000005221940114800628090006545220001001000166222350069004223060656122000000001000166222350069000193
0404050301868352415232101670000002280000000000000000000795426935406391090006545220001001000166222350069001913076786122000000001000166222350069000249
0404050301868352415232102670000002280000000000000000000035023075638740090006545220001001000166222350069001634513176122000000001000166222350069000094
0404050301868352415232103670000002280000000000000000003762149795291369090006545220001001000166222350069007810273296122000000001000166222350069000207
0404050301868352415232104670000002280000000000000000007103927014107460090006545220001001000166222350069004937911436122000000001000166222350069000022
0404050301868352415232105670000002280000000000000000009414982173944352090006545220001001000166222350069001017152756122000000001000166222350069000049
0404050301868352415232106670000002280000000000000000000679031730585555090006545220001001000166222350069006835839506122000000001000166222350069000147
0404050301868352415232107670000002280000000000000000004482299544900171090006545220001001000166222350069007311991616122000000001000166222350069000108
0404050301868352415232108670000002280000000000000000007582614675702372090006545220001001000166222350069001604193766122000000001000166222350069000273
0404050301868352415232109670000002280000000000000000005717781171681738090006545220001001000166222350069001367014646122000000001000166222350069000181
