0404050301868352415232100680000002280000000000000000003264359015852371090006545220001001000166222350069000049228806122000000001000166222350069000261
0404050301868352415232101680000002280000000000000000008184563538102436090006545220001001000166222350069004132483356122000000001000166222350069000095
0404050301868352415232102680000002280000000000000000006594145632927842090006545220001001000166222350069002288150616122000000001000166222350069000136
0404050301868352415232103680000002280000000000000000001944788243776124090006545220001001000166222350069002161892396122000000001000166222350069000241
0404050301868352415232104680000002280000000000000000002883295406366754090006545220001001000166222350069001660206506122000000001000166222350069000229
0404050301868352415232105680000002280000000000000000005745770895301029090006545220001001000166222350069007998097566122000000001000166222350069000013
0404050301868352415232106680000002280000000000000000001527307279722218090006545220001001000166222350069005184763626122000000001000166222350069000059
0404050301868352415232107680000002280000000000000000006047318924391897090006545220001001000166222350069000806638356122000000001000166222350069000005
0404050301868352415232108680000002280000000000000000005318758051187669090006545220001001000166222350069009923738316122000000001000166222350069000121
0404050301868352415232109680000002280000000000000000003607955397262584090006545220001001000166222350069005534094806122000000001000166222350069000057
