0404050301868352415232100700000002280000000000000000009104381022417650090006545220001001000166222350069000730678076122000000001000166222350069000157
0404050301868352415232101700000002280000000000000000007719760784993001090006545220001001000166222350069003781154366122000000001000166222350069000286
0404050301868352415232102700000002280000000000000000000785917874721378090006545220001001000166222350069001035920746122000000001000166222350069000103
0404050301868352415232103700000002280000000000000000006539560520598917090006545220001001000166222350069002760250716122000000001000166222350069000140
0404050301868352415232104700000002280000000000000000002890868434309054090006545220001001000166222350069003325918436122000000001000166222350069000071
0404050301868352415232105700000002280000000000000000005409254240874576090006545220001001000166222350069003412493826122000000001000166222350069000083
0404050301868352415232106700000002280000000000000000009793093909692443090006545220001001000166222350069006554895526122000000001000166222350069000112
0404050301868352415232107700000002280000000000000000005356292980904403090006545220001001000166222350069006162214166122000000001000166222350069000249
0404050301868352415232108700000002280000000000000000002953934370183947090006545220001001000166222350069000936287116122000000001000166222350069000157
0404050301868352415232109700000002280000000000000000004839179448436755090006545220001001000166222350069008124695326122000000001000166222350069000294
