0404050301868352415232100720000002280000000000000000008894926948801190090006545220001001000166222350069009314737596122000000001000166222350069000128
0404050301868352415232101720000002280000000000000000006438880069863461090006545220001001000166222350069000003778136122000000001000166222350069000155
0404050301868352415232102720000002280000000000000000004152934520923255090006545220001001000166222350069005677137066122000000001000166222350069000174
0404050301868352415232103720000002280000000000000000006996542005903089090006545220001001000166222350069004967117076122000000001000166222350069000129
0404050301868352415232104720000002280000000000000000007985805363581438090006545220001001000166222350069007527746016122000000001000166222350069000244
0404050301868352415232105720000002280000000000000000003698207169991855090006545220001001000166222350069000688210866122000000001000166222350069000253
0404050301868352415232106720000002280000000000000000009385204040015981090006545220001001000166222350069005514624236122000000001000166222350069000127
0404050301868352415232107720000002280000000000000000001094185899046827090006545220001001000166222350069002341862766122000000001000166222350069000055
0404050301868352415232108720000002280000000000000000005174576918654560090006545220001001000166222350069005015795066122000000001000166222350069000076
0404050301868352415232109720000002280000000000000000000716829140916517090006545220001001000166222350069006907015596122000000001000166222350069000173
