0404050301868352415232100730000002280000000000000000002168994389673987090006545220001001000166222350069002772328006122000000001000166222350069000221
0404050301868352415232101730000002280000000000000000001256246960580190090006545220001001000166222350069008519450606122000000001000166222350069000205
0404050301868352415232102730000002280000000000000000003199677301066815090006545220001001000166222350069007319854016122000000001000166222350069000125
0404050301868352415232103730000002280000000000000000005613990315977369090006545220001001000166222350069008313637766122000000001000166222350069000243
0404050301868352415232104730000002280000000000000000005951708604886837090006545220001001000166222350069004168269236122000000001000166222350069000107
0404050301868352415232105730000002280000000000000000009345942550736766090006545220001001000166222350069007428989406122000000001000166222350069000229
0404050301868352415232106730000002280000000000000000007947726278138666090006545220001001000166222350069002905899046122000000001000166222350069000087
0404050301868352415232107730000002280000000000000000001906115137721503090006545220001001000166222350069001940215406122000000001000166222350069000144
0404050301868352415232108730000002280000000000000000001599126449224885090006545220001001000166222350069008176167316122000000001000166222350069000155
0404050301868352415232109730000002280000000000000000004875813131281318090006545220001001000166222350069005378442626122000000001000166222350069000218
