0404050301868352415232100760000002280000000000000000001830766749434137090006545220001001000166222350069008322525006122000000001000166222350069000149
0404050301868352415232101760000002280000000000000000002373776158250716090006545220001001000166222350069001449021076122000000001000166222350069000238
0404050301868352415232102760000002280000000000000000007163346224984473090006545220001001000166222350069001401496236122000000001000166222350069000041
0404050301868352415232103760000002280000000000000000005819553240384581090006545220001001000166222350069000608743466122000000001000166222350069000277
0404050301868352415232104760000002280000000000000000001476637741126790090006545220001001000166222350069008959756196122000000001000166222350069000055
0404050301868352415232105760000002280000000000000000000198483346878518090006545220001001000166222350069003640592456122000000001000166222350069000161
0404050301868352415232106760000002280000000000000000004833148735675669090006545220001001000166222350069001447639606122000000001000166222350069000240
0404050301868352415232107760000002280000000000000000006572364597172300090006545220001001000166222350069002569136736122000000001000166222350069000096
0404050301868352415232108760000002280000000000000000000151856755879542090006545220001001000166222350069006169359776122000000001000166222350069000061
0404050301868352415232109760000002280000000000000000003480202813676203090006545220001001000166222350069004120640886122000000001000166222350069000058
