0404050301868352415232100780000002280000000000000000000879026500882365090006545220001001000166222350069002962210246122000000001000166222350069000254
0404050301868352415232101780000002280000000000000000000500290490947302090006545220001001000166222350069005280745256122000000001000166222350069000134
0404050301868352415232102780000002280000000000000000009074544747274011090006545220001001000166222350069006323664926122000000001000166222350069000013
0404050301868352415232103780000002280000000000000000006811442965463599090006545220001001000166222350069005153118176122000000001000166222350069000262
0404050301868352415232104780000002280000000000000000000979717781391847090006545220001001000166222350069009219564996122000000001000166222350069000149
0404050301868352415232105780000002280000000000000000000645979820921815090006545220001001000166222350069005436832636122000000001000166222350069000012
0404050301868352415232106780000002280000000000000000001724641070980382090006545220001001000166222350069008543932746122000000001000166222350069000127
0404050301868352415232107780000002280000000000000000003114979541577479090006545220001001000166222350069003211137726122000000001000166222350069000065
0404050301868352415232108780000002280000000000000000000955984988434170090006545220001001000166222350069002531221916122000000001000166222350069000207
0404050301868352415232109780000002280000000000000000001482795035266335090006545220001001000166222350069001412898956122000000001000166222350069000235
