0404050301868352415232100800000002280000000000000000009876752335526817090006545220001001000166222350069002215433936122000000001000166222350069000166
0404050301868352415232101800000002280000000000000000006754446994499635090006545220001001000166222350069001438447106122000000001000166222350069000176
0404050301868352415232102800000002280000000000000000009866738738770900090006545220001001000166222350069002611888446122000000001000166222350069000016
0404050301868352415232103800000002280000000000000000005254863787594987090006545220001001000166222350069009783491196122000000001000166222350069000010
0404050301868352415232104800000002280000000000000000003270341984207744090006545220001001000166222350069004240812736122000000001000166222350069000018
0404050301868352415232105800000002280000000000000000004142260960931305090006545220001001000166222350069003733361406122000000001000166222350069000139
0404050301868352415232106800000002280000000000000000007194754853626670090006545220001001000166222350069006565411196122000000001000166222350069000124
0404050301868352415232107800000002280000000000000000000040648904976133090006545220001001000166222350069008123198806122000000001000166222350069000073
0404050301868352415232108800000002280000000000000000006430062472104365090006545220001001000166222350069000984713416122000000001000166222350069000027
0404050301868352415232109800000002280000000000000000005974781052634467090006545220001001000166222350069007936025386122000000001000166222350069000188
