0404050301868352415232100810000002280000000000000000008585393580600731090006545220001001000166222350069008575104716122000000001000166222350069000061
0404050301868352415232101810000002280000000000000000003614387016409268090006545220001001000166222350069007114862866122000000001000166222350069000061
0404050301868352415232102810000002280000000000000000000588041902633542090006545220001001000166222350069006975359366122000000001000166222350069000252
0404050301868352415232103810000002280000000000000000008435918130438972090006545220001001000166222350069008017261476122000000001000166222350069000256
0404050301868352415232104810000002280000000000000000000355708756223108090006545220001001000166222350069000585169896122000000001000166222350069000007
0404050301868352415232105810000002280000000000000000002416318525571784090006545220001001000166222350069001728984076122000000001000166222350069000247
0404050301868352415232106810000002280000000000000000002530832678016093090006545220001001000166222350069009095614456122000000001000166222350069000131
0404050301868352415232107810000002280000000000000000003084573465297738090006545220001001000166222350069006356408486122000000001000166222350069000127
0404050301868352415232108810000002280000000000000000004352021584521705090006545220001001000166222350069007113073066122000000001000166222350069000296
0404050301868352415232109810000002280000000000000000004353681420359309090006545220001001000166222350069004614758966122000000001000166222350069000291
