0404050301868352415232100840000002280000000000000000006625136346911524090006545220001001000166222350069004808582036122000000001000166222350069000122
0404050301868352415232101840000002280000000000000000003845652632891884090006545220001001000166222350069006360296266122000000001000166222350069000065
0404050301868352415232102840000002280000000000000000003551914897352290090006545220001001000166222350069002700698056122000000001000166222350069000075
0404050301868352415232103840000002280000000000000000004702900385858479090006545220001001000166222350069001282560816122000000001000166222350069000178
0404050301868352415232104840000002280000000000000000008052402534082887090006545220001001000166222350069007361958436122000000001000166222350069000055
0404050301868352415232105840000002280000000000000000003629927188525672090006545220001001000166222350069004151870676122000000001000166222350069000046
0404050301868352415232106840000002280000000000000000000158000679536727090006545220001001000166222350069006683452476122000000001000166222350069000296
0404050301868352415232107840000002280000000000000000002976067433221916090006545220001001000166222350069005311217276122000000001000166222350069000202
0404050301868352415232108840000002280000000000000000009080847881347001090006545220001001000166222350069000413869236122000000001000166222350069000188
0404050301868352415232109840000002280000000000000000002122517335440637090006545220001001000166222350069000319223646122000000001000166222350069000032
