0404050301868352415232100890000002280000000000000000005349219658373154090006545220001001000166222350069006398166016122000000001000166222350069000018
0404050301868352415232101890000002280000000000000000000994425552335838090006545220001001000166222350069006101119136122000000001000166222350069000252
0404050301868352415232102890000002280000000000000000009976449232675757090006545220001001000166222350069009873851726122000000001000166222350069000002
0404050301868352415232103890000002280000000000000000007746486553986208090006545220001001000166222350069001710447596122000000001000166222350069000167
0404050301868352415232104890000002280000000000000000004894961118257145090006545220001001000166222350069007732489376122000000001000166222350069000021
0404050301868352415232105890000002280000000000000000008216362911013840090006545220001001000166222350069007876518026122000000001000166222350069000200
0404050301868352415232106890000002280000000000000000008238189489602109090006545220001001000166222350069006326353396122000000001000166222350069000198
0404050301868352415232107890000002280000000000000000008401376448447404090006545220001001000166222350069001278394626122000000001000166222350069000264
0404050301868352415232108890000002280000000000000000009288877370272857090006545220001001000166222350069007106872416122000000001000166222350069000033
0404050301868352415232109890000002280000000000000000004202048906486934090006545220001001000166222350069001740345816122000000001000166222350069000086
