0404050301868352415232100900000002280000000000000000007506156039140739090006545220001001000166222350069005577548496122000000001000166222350069000124
0404050301868352415232101900000002280000000000000000008120830586517834090006545220001001000166222350069003469997166122000000001000166222350069000223
0404050301868352415232102900000002280000000000000000001008893609253082090006545220001001000166222350069003712819176122000000001000166222350069000082
0404050301868352415232103900000002280000000000000000009252731569952652090006545220001001000166222350069008144151936122000000001000166222350069000297
0404050301868352415232104900000002280000000000000000002962478406301086090006545220001001000166222350069005850850346122000000001000166222350069000183
0404050301868352415232105900000002280000000000000000004426970055576737090006545220001001000166222350069004589909316122000000001000166222350069000259
0404050301868352415232106900000002280000000000000000000132329234512319090006545220001001000166222350069004274791496122000000001000166222350069000258
0404050301868352415232107900000002280000000000000000008179699369970754090006545220001001000166222350069004620029066122000000001000166222350069000101
0404050301868352415232108900000002280000000000000000009964934868835829090006545220001001000166222350069006803281006122000000001000166222350069000225
0404050301868352415232109900000002280000000000000000002488790226837689090006545220001001000166222350069006433560256122000000001000166222350069000156
