0404050301868352415232100940000002280000000000000000004808673291548589090006545220001001000166222350069007376411226122000000001000166222350069000166
0404050301868352415232101940000002280000000000000000000484899223959047090006545220001001000166222350069000830858446122000000001000166222350069000028
0404050301868352415232102940000002280000000000000000007915967907127719090006545220001001000166222350069000426507646122000000001000166222350069000110
0404050301868352415232103940000002280000000000000000007095927410380995090006545220001001000166222350069006212580806122000000001000166222350069000259
0404050301868352415232104940000002280000000000000000009915746888553418090006545220001001000166222350069009667005196122000000001000166222350069000027
0404050301868352415232105940000002280000000000000000007903420327382375090006545220001001000166222350069008526179966122000000001000166222350069000290
0404050301868352415232106940000002280000000000000000005177909539354607090006545220001001000166222350069002082208746122000000001000166222350069000291
0404050301868352415232107940000002280000000000000000002115706267492291090006545220001001000166222350069000342694096122000000001000166222350069000037
0404050301868352415232108940000002280000000000000000000242403560540785090006545220001001000166222350069005343471976122000000001000166222350069000273
0404050301868352415232109940000002280000000000000000001053723649230574090006545220001001000166222350069007542665316122000000001000166222350069000038
