0404050301868352415232100950000002280000000000000000007102052488043823090006545220001001000166222350069004771068116122000000001000166222350069000091
0404050301868352415232101950000002280000000000000000006089112952292909090006545220001001000166222350069002651531546122000000001000166222350069000103
0404050301868352415232102950000002280000000000000000009309743414918554090006545220001001000166222350069006278365056122000000001000166222350069000189
0404050301868352415232103950000002280000000000000000005895053657301221090006545220001001000166222350069006288309676122000000001000166222350069000003
0404050301868352415232104950000002280000000000000000002961140347693737090006545220001001000166222350069005665284536122000000001000166222350069000264
0404050301868352415232105950000002280000000000000000008666943243577821090006545220001001000166222350069000046082576122000000001000166222350069000115
0404050301868352415232106950000002280000000000000000007751808205791281090006545220001001000166222350069004975914076122000000001000166222350069000111
0404050301868352415232107950000002280000000000000000004714493019066794090006545220001001000166222350069000873461346122000000001000166222350069000156
0404050301868352415232108950000002280000000000000000000038558479700351090006545220001001000166222350069004726663826122000000001000166222350069000111
0404050301868352415232109950000002280000000000000000004801265320749044090006545220001001000166222350069008059977396122000000001000166222350069000016
