0404050301868352415232100960000002280000000000000000000263675778884454090006545220001001000166222350069002299067706122000000001000166222350069000005
0404050301868352415232101960000002280000000000000000002184207240563103090006545220001001000166222350069001143399436122000000001000166222350069000298
0404050301868352415232102960000002280000000000000000007545152036967874090006545220001001000166222350069000056105446122000000001000166222350069000260
0404050301868352415232103960000002280000000000000000009054722520951002090006545220001001000166222350069004757747566122000000001000166222350069000206
0404050301868352415232104960000002280000000000000000009754957840877000090006545220001001000166222350069002201241276122000000001000166222350069000081
0404050301868352415232105960000002280000000000000000008894566458674508090006545220001001000166222350069006179311906122000000001000166222350069000207
0404050301868352415232106960000002280000000000000000005904706464989494090006545220001001000166222350069004114361546122000000001000166222350069000250
0404050301868352415232107960000002280000000000000000002904181661804874090006545220001001000166222350069003923975866122000000001000166222350069000231
0404050301868352415232108960000002280000000000000000007264240108682230090006545220001001000166222350069002132691486122000000001000166222350069000217
0404050301868352415232109960000002280000000000000000009056667316416610090006545220001001000166222350069001346255326122000000001000166222350069000072
