0404050301868352415232100980000002280000000000000000008778824549475310090006545220001001000166222350069007275117596122000000001000166222350069000227
0404050301868352415232101980000002280000000000000000006103127272353679090006545220001001000166222350069009150285346122000000001000166222350069000081
0404050301868352415232102980000002280000000000000000003689471566528508090006545220001001000166222350069005321551026122000000001000166222350069000153
0404050301868352415232103980000002280000000000000000005948626418617734090006545220001001000166222350069009736498176122000000001000166222350069000095
0404050301868352415232104980000002280000000000000000001436985712008410090006545220001001000166222350069009479470056122000000001000166222350069000289
0404050301868352415232105980000002280000000000000000001637827910457852090006545220001001000166222350069005673899946122000000001000166222350069000020
0404050301868352415232106980000002280000000000000000002534863861881720090006545220001001000166222350069008704871976122000000001000166222350069000106
0404050301868352415232107980000002280000000000000000003626210548592136090006545220001001000166222350069007079954766122000000001000166222350069000072
0404050301868352415232108980000002280000000000000000008729260681203178090006545220001001000166222350069001343101036122000000001000166222350069000250
0404050301868352415232109980000002280000000000000000009807597066575543090006545220001001000166222350069006313876016122000000001000166222350069000192
