0404050301868352415232100000000002280000000000000000006364623227827373090006545220001001000166222350069006161218836122000000001000166222350069000010
0404050301868352415232101000000002280000000000000000001826578544901184090006545220001001000166222350069005452437906122000000001000166222350069000037
0404050301868352415232102000000002280000000000000000000224032880266373090006545220001001000166222350069006500396286122000000001000166222350069000124
0404050301868352415232103000000002280000000000000000003315816598361805090006545220001001000166222350069003308686236122000000001000166222350069000224
0404050301868352415232104000000002280000000000000000000922584303719984090006545220001001000166222350069003498217326122000000001000166222350069000165
0404050301868352415232105000000002280000000000000000002037261209959624090006545220001001000166222350069006154918376122000000001000166222350069000238
0404050301868352415232106000000002280000000000000000004672878752313489090006545220001001000166222350069001419749426122000000001000166222350069000223
0404050301868352415232107000000002280000000000000000005260287569447194090006545220001001000166222350069008018541536122000000001000166222350069000185
0404050301868352415232108000000002280000000000000000007021419681928050090006545220001001000166222350069004622324756122000000001000166222350069000064
0404050301868352415232109000000002280000000000000000007527552249002159090006545220001001000166222350069005446164236122000000001000166222350069000024
