0404050301868352415232100010000002280000000000000000002359128086850415090006545220001001000166222350069004531702476122000000001000166222350069000205
0404050301868352415232101010000002280000000000000000004599535607102171090006545220001001000166222350069007991761236122000000001000166222350069000213
0404050301868352415232102010000002280000000000000000001100302171247840090006545220001001000166222350069000557364626122000000001000166222350069000224
0404050301868352415232103010000002280000000000000000007175632157318061090006545220001001000166222350069005969864146122000000001000166222350069000151
0404050301868352415232104010000002280000000000000000009359809817374235090006545220001001000166222350069004528554466122000000001000166222350069000271
0404050301868352415232105010000002280000000000000000008660069847704613090006545220001001000166222350069002303837886122000000001000166222350069000164
0404050301868352415232106010000002280000000000000000003157294237688539090006545220001001000166222350069007674465906122000000001000166222350069000264
0404050301868352415232107010000002280000000000000000005550552740525381090006545220001001000166222350069002893830276122000000001000166222350069000152
0404050301868352415232108010000002280000000000000000001328746616429574090006545220001001000166222350069007757316246122000000001000166222350069000031
0404050301868352415232109010000002280000000000000000008026379440199054090006545220001001000166222350069009072239546122000000001000166222350069000132
