0404050301868352415232100030000002280000000000000000009387271750530436090006545220001001000166222350069004187661456122000000001000166222350069000020
0404050301868352415232101030000002280000000000000000004410871929252350090006545220001001000166222350069004485734536122000000001000166222350069000087
0404050301868352415232102030000002280000000000000000006692995287779734090006545220001001000166222350069004662066736122000000001000166222350069000208
0404050301868352415232103030000002280000000000000000004378463324979189090006545220001001000166222350069007901343526122000000001000166222350069000242
0404050301868352415232104030000002280000000000000000002265270099643477090006545220001001000166222350069003645810596122000000001000166222350069000099
0404050301868352415232105030000002280000000000000000008801940997845727090006545220001001000166222350069004945395416122000000001000166222350069000066
0404050301868352415232106030000002280000000000000000007733566492935742090006545220001001000166222350069004472087556122000000001000166222350069000245
0404050301868352415232107030000002280000000000000000006831236158380455090006545220001001000166222350069009001000156122000000001000166222350069000137
0404050301868352415232108030000002280000000000000000001074326331747684090006545220001001000166222350069007668559346122000000001000166222350069000083
0404050301868352415232109030000002280000000000000000002272194991725952090006545220001001000166222350069006968261326122000000001000166222350069000132
