0404050301868352415232100050000002280000000000000000003873353561265382090006545220001001000166222350069008478717486122000000001000166222350069000141
0404050301868352415232101050000002280000000000000000003973702174610359090006545220001001000166222350069008870176216122000000001000166222350069000175
0404050301868352415232102050000002280000000000000000006644212883156066090006545220001001000166222350069009669218636122000000001000166222350069000189
0404050301868352415232103050000002280000000000000000009144439002258111090006545220001001000166222350069004049113866122000000001000166222350069000146
0404050301868352415232104050000002280000000000000000001950954746782127090006545220001001000166222350069003144689016122000000001000166222350069000161
0404050301868352415232105050000002280000000000000000002754894818260066090006545220001001000166222350069000459969526122000000001000166222350069000260
0404050301868352415232106050000002280000000000000000007853096294622634090006545220001001000166222350069009163262236122000000001000166222350069000044
0404050301868352415232107050000002280000000000000000003880331340195684090006545220001001000166222350069008503670646122000000001000166222350069000118
0404050301868352415232108050000002280000000000000000005105458487730904090006545220001001000166222350069009625290326122000000001000166222350069000140
0404050301868352415232109050000002280000000000000000008481981194299830090006545220001001000166222350069002401059836122000000001000166222350069000127
