0404050301868352415232100100000002280000000000000000007777263918400548090006545220001001000166222350069005593256986122000000001000166222350069000148
0404050301868352415232101100000002280000000000000000008997774153798786090006545220001001000166222350069004540618636122000000001000166222350069000153
0404050301868352415232102100000002280000000000000000002796932827789915090006545220001001000166222350069006736021236122000000001000166222350069000245
0404050301868352415232103100000002280000000000000000005062847878954473090006545220001001000166222350069002701140136122000000001000166222350069000225
0404050301868352415232104100000002280000000000000000004771164887296779090006545220001001000166222350069008337655206122000000001000166222350069000140
0404050301868352415232105100000002280000000000000000004629068657746920090006545220001001000166222350069001604932696122000000001000166222350069000124
0404050301868352415232106100000002280000000000000000000836436138479004090006545220001001000166222350069007957388536122000000001000166222350069000002
0404050301868352415232107100000002280000000000000000000616982583264083090006545220001001000166222350069005874288236122000000001000166222350069000263
0404050301868352415232108100000002280000000000000000002747393716775094090006545220001001000166222350069007744176886122000000001000166222350069000260
0404050301868352415232109100000002280000000000000000000070534415596265090006545220001001000166222350069005086290016122000000001000166222350069000238
