0404050301868352415232100110000002280000000000000000001181167293095147090006545220001001000166222350069008987565656122000000001000166222350069000219
0404050301868352415232101110000002280000000000000000006581778860777449090006545220001001000166222350069005071763096122000000001000166222350069000017
0404050301868352415232102110000002280000000000000000007754037008316828090006545220001001000166222350069008747115156122000000001000166222350069000247
0404050301868352415232103110000002280000000000000000009605722349201333090006545220001001000166222350069009295638836122000000001000166222350069000038
0404050301868352415232104110000002280000000000000000008270508978125090090006545220001001000166222350069002612237996122000000001000166222350069000261
0404050301868352415232105110000002280000000000000000006639353109528090090006545220001001000166222350069008397220776122000000001000166222350069000044
0404050301868352415232106110000002280000000000000000002913308205197458090006545220001001000166222350069001131848806122000000001000166222350069000198
0404050301868352415232107110000002280000000000000000001196302911237934090006545220001001000166222350069008585561116122000000001000166222350069000289
0404050301868352415232108110000002280000000000000000002452540151300849090006545220001001000166222350069006480977636122000000001000166222350069000149
0404050301868352415232109110000002280000000000000000003147769519936914090006545220001001000166222350069004909218146122000000001000166222350069000252
