0404050301868352415232100170000002280000000000000000003702071760314636090006545220001001000166222350069005234349216122000000001000166222350069000172
0404050301868352415232101170000002280000000000000000008117902854463292090006545220001001000166222350069008003343876122000000001000166222350069000050
0404050301868352415232102170000002280000000000000000004704166221635444090006545220001001000166222350069008743465956122000000001000166222350069000277
0404050301868352415232103170000002280000000000000000008538161147965396090006545220001001000166222350069005675683176122000000001000166222350069000025
0404050301868352415232104170000002280000000000000000002624118839403625090006545220001001000166222350069001555894376122000000001000166222350069000090
0404050301868352415232105170000002280000000000000000006381518908505312090006545220001001000166222350069009134232116122000000001000166222350069000005
0404050301868352415232106170000002280000000000000000005874361799248879090006545220001001000166222350069004694114886122000000001000166222350069000157
0404050301868352415232107170000002280000000000000000008912530539758883090006545220001001000166222350069004585900556122000000001000166222350069000214
0404050301868352415232108170000002280000000000000000007002004958100364090006545220001001000166222350069007859907566122000000001000166222350069000166
0404050301868352415232109170000002280000000000000000009636243202501509090006545220001001000166222350069003362954216122000000001000166222350069000003
