0404050301868352415232100190000002280000000000000000008987168710397534090006545220001001000166222350069005717722936122000000001000166222350069000015
0404050301868352415232101190000002280000000000000000002233653218081841090006545220001001000166222350069009078168926122000000001000166222350069000295
0404050301868352415232102190000002280000000000000000000463735279185622090006545220001001000166222350069007570350736122000000001000166222350069000245
0404050301868352415232103190000002280000000000000000001591149446829557090006545220001001000166222350069002466624826122000000001000166222350069000090
0404050301868352415232104190000002280000000000000000002178299155992550090006545220001001000166222350069000581160696122000000001000166222350069000164
0404050301868352415232105190000002280000000000000000008296779447498678090006545220001001000166222350069001221311166122000000001000166222350069000012
0404050301868352415232106190000002280000000000000000006885434266801478090006545220001001000166222350069008347822466122000000001000166222350069000050
0404050301868352415232107190000002280000000000000000001954283308915859090006545220001001000166222350069004379622806122000000001000166222350069000079
0404050301868352415232108190000002280000000000000000003667469140784926090006545220001001000166222350069006286827426122000000001000166222350069000104
0404050301868352415232109190000002280000000000000000001706662862864460090006545220001001000166222350069001038466816122000000001000166222350069000286
