0404050301868352415232100220000002280000000000000000003754427057617373090006545220001001000166222350069005969163806122000000001000166222350069000009
0404050301868352415232101220000002280000000000000000002630034965360086090006545220001001000166222350069007009326526122000000001000166222350069000098
0404050301868352415232102220000002280000000000000000001537595844413762090006545220001001000166222350069009986007856122000000001000166222350069000025
0404050301868352415232103220000002280000000000000000002346374281390052090006545220001001000166222350069006127454686122000000001000166222350069000068
0404050301868352415232104220000002280000000000000000003747953559748581090006545220001001000166222350069004230372656122000000001000166222350069000125
0404050301868352415232105220000002280000000000000000005922615852986828090006545220001001000166222350069006817291016122000000001000166222350069000086
0404050301868352415232106220000002280000000000000000004906564593071038090006545220001001000166222350069001595813076122000000001000166222350069000210
0404050301868352415232107220000002280000000000000000001515692139585356090006545220001001000166222350069006112220916122000000001000166222350069000221
0404050301868352415232108220000002280000000000000000000318612368561246090006545220001001000166222350069009060748326122000000001000166222350069000010
0404050301868352415232109220000002280000000000000000001968141194783238090006545220001001000166222350069006904398956122000000001000166222350069000039
