0404050301868352415232100250000002280000000000000000004371959654959410090006545220001001000166222350069007626625316122000000001000166222350069000221
0404050301868352415232101250000002280000000000000000001646644201782395090006545220001001000166222350069002800749346122000000001000166222350069000254
0404050301868352415232102250000002280000000000000000009145897743282407090006545220001001000166222350069004859831766122000000001000166222350069000062
0404050301868352415232103250000002280000000000000000007423600479478633090006545220001001000166222350069006389666746122000000001000166222350069000288
0404050301868352415232104250000002280000000000000000008368351934538594090006545220001001000166222350069000272735106122000000001000166222350069000204
0404050301868352415232105250000002280000000000000000009755481245874050090006545220001001000166222350069005386242766122000000001000166222350069000128
0404050301868352415232106250000002280000000000000000009825422532278394090006545220001001000166222350069006150641546122000000001000166222350069000121
0404050301868352415232107250000002280000000000000000006915078044172593090006545220001001000166222350069007556236166122000000001000166222350069000221
0404050301868352415232108250000002280000000000000000002384815213731946090006545220001001000166222350069004887833056122000000001000166222350069000291
0404050301868352415232109250000002280000000000000000002984889185250106090006545220001001000166222350069002002208656122000000001000166222350069000154
