0404050301868352415232100300000002280000000000000000002147492245927081090006545220001001000166222350069002143231406122000000001000166222350069000048
0404050301868352415232101300000002280000000000000000003819201942933088090006545220001001000166222350069004497006446122000000001000166222350069000186
0404050301868352415232102300000002280000000000000000002882478091218276090006545220001001000166222350069005356978536122000000001000166222350069000154
0404050301868352415232103300000002280000000000000000008113178796429342090006545220001001000166222350069008357327836122000000001000166222350069000171
0404050301868352415232104300000002280000000000000000005513400678957653090006545220001001000166222350069003036779136122000000001000166222350069000285
0404050301868352415232105300000002280000000000000000001904768234298689090006545220001001000166222350069009607219076122000000001000166222350069000231
0404050301868352415232106300000002280000000000000000000067137116611911090006545220001001000166222350069009916552956122000000001000166222350069000111
0404050301868352415232107300000002280000000000000000002020039606332734090006545220001001000166222350069000232506966122000000001000166222350069000068
0404050301868352415232108300000002280000000000000000007045960892144004090006545220001001000166222350069001567862986122000000001000166222350069000238
0404050301868352415232109300000002280000000000000000008259941831369398090006545220001001000166222350069002778114566122000000001000166222350069000027
