0404050301868352415232100330000002280000000000000000004544473501637834090006545220001001000166222350069000362441876122000000001000166222350069000167
0404050301868352415232101330000002280000000000000000002406617865807932090006545220001001000166222350069008165139106122000000001000166222350069000209
0404050301868352415232102330000002280000000000000000000752866655178460090006545220001001000166222350069008472285776122000000001000166222350069000172
0404050301868352415232103330000002280000000000000000000789966950742854090006545220001001000166222350069003897329066122000000001000166222350069000221
0404050301868352415232104330000002280000000000000000006235281174526242090006545220001001000166222350069003499595386122000000001000166222350069000221
0404050301868352415232105330000002280000000000000000006333581080799334090006545220001001000166222350069009428519556122000000001000166222350069000117
0404050301868352415232106330000002280000000000000000001911478917292322090006545220001001000166222350069000072686986122000000001000166222350069000003
0404050301868352415232107330000002280000000000000000000142895166505433090006545220001001000166222350069006850919286122000000001000166222350069000202
0404050301868352415232108330000002280000000000000000001285179527340428090006545220001001000166222350069008716423806122000000001000166222350069000154
0404050301868352415232109330000002280000000000000000002925840974345991090006545220001001000166222350069002472286386122000000001000166222350069000193
