0404050301868352415232100360000002280000000000000000002670385135922369090006545220001001000166222350069000677350546122000000001000166222350069000238
0404050301868352415232101360000002280000000000000000003300678628570340090006545220001001000166222350069008199080746122000000001000166222350069000295
0404050301868352415232102360000002280000000000000000002762931065085509090006545220001001000166222350069006519110346122000000001000166222350069000136
0404050301868352415232103360000002280000000000000000006408919155797898090006545220001001000166222350069001786129496122000000001000166222350069000236
0404050301868352415232104360000002280000000000000000002752297966861230090006545220001001000166222350069001862630436122000000001000166222350069000083
0404050301868352415232105360000002280000000000000000005620584924438277090006545220001001000166222350069005718876086122000000001000166222350069000216
0404050301868352415232106360000002280000000000000000006334043491718864090006545220001001000166222350069007437134526122000000001000166222350069000004
0404050301868352415232107360000002280000000000000000003924761803237206090006545220001001000166222350069000584198916122000000001000166222350069000045
0404050301868352415232108360000002280000000000000000007202852072749874090006545220001001000166222350069008192072426122000000001000166222350069000016
0404050301868352415232109360000002280000000000000000000454624037499013090006545220001001000166222350069007733776646122000000001000166222350069000056
