0404050301868352415232100390000002280000000000000000007413245552030855090006545220001001000166222350069000049226416122000000001000166222350069000026
0404050301868352415232101390000002280000000000000000007444466922689462090006545220001001000166222350069007290229486122000000001000166222350069000088
0404050301868352415232102390000002280000000000000000005584187133617212090006545220001001000166222350069001972370776122000000001000166222350069000065
0404050301868352415232103390000002280000000000000000001207117414759012090006545220001001000166222350069003359372636122000000001000166222350069000148
0404050301868352415232104390000002280000000000000000005495156166536625090006545220001001000166222350069008302406206122000000001000166222350069000003
0404050301868352415232105390000002280000000000000000000747917990392391090006545220001001000166222350069007020898026122000000001000166222350069000137
0404050301868352415232106390000002280000000000000000009791451263921085090006545220001001000166222350069006271834666122000000001000166222350069000127
0404050301868352415232107390000002280000000000000000000195908660859569090006545220001001000166222350069003803246456122000000001000166222350069000298
0404050301868352415232108390000002280000000000000000007631385082300961090006545220001001000166222350069000646044756122000000001000166222350069000009
0404050301868352415232109390000002280000000000000000002002659451047652090006545220001001000166222350069002654848736122000000001000166222350069000090
