0404050301868352415232100400000002280000000000000000005272592245034447090006545220001001000166222350069005265416346122000000001000166222350069000055
0404050301868352415232101400000002280000000000000000006107465306130802090006545220001001000166222350069001570917706122000000001000166222350069000211
0404050301868352415232102400000002280000000000000000009479692566806789090006545220001001000166222350069003429600546122000000001000166222350069000097
0404050301868352415232103400000002280000000000000000001840079051447077090006545220001001000166222350069005904043456122000000001000166222350069000246
0404050301868352415232104400000002280000000000000000008125685203055988090006545220001001000166222350069006002772206122000000001000166222350069000130
0404050301868352415232105400000002280000000000000000005383305780649920090006545220001001000166222350069005470345106122000000001000166222350069000012
0404050301868352415232106400000002280000000000000000002721234198915993090006545220001001000166222350069000946888386122000000001000166222350069000139
0404050301868352415232107400000002280000000000000000006787998318260410090006545220001001000166222350069008958750536122000000001000166222350069000140
0404050301868352415232108400000002280000000000000000007452156083780028090006545220001001000166222350069004935773076122000000001000166222350069000290
0404050301868352415232109400000002280000000000000000006024338749597449090006545220001001000166222350069001689723636122000000001000166222350069000209
