0404050301868352415232100410000002280000000000000000001061847334260292090006545220001001000166222350069004266935036122000000001000166222350069000109
0404050301868352415232101410000002280000000000000000008843776487290916090006545220001001000166222350069007985763266122000000001000166222350069000105
0404050301868352415232102410000002280000000000000000006465954616377080090006545220001001000166222350069005877937766122000000001000166222350069000113
0404050301868352415232103410000002280000000000000000008841078456242783090006545220001001000166222350069009400561786122000000001000166222350069000292
0404050301868352415232104410000002280000000000000000008641623667474554090006545220001001000166222350069003855620216122000000001000166222350069000269
0404050301868352415232105410000002280000000000000000006511556981208697090006545220001001000166222350069002368737326122000000001000166222350069000102
0404050301868352415232106410000002280000000000000000009552495505416860090006545220001001000166222350069003454425676122000000001000166222350069000249
0404050301868352415232107410000002280000000000000000003154876801822997090006545220001001000166222350069003549558466122000000001000166222350069000079
0404050301868352415232108410000002280000000000000000003203514427990986090006545220001001000166222350069002178025516122000000001000166222350069000100
0404050301868352415232109410000002280000000000000000002338946542681123090006545220001001000166222350069000848228876122000000001000166222350069000071
