0404050301868352415232100450000002280000000000000000005350764288581377090006545220001001000166222350069009399836336122000000001000166222350069000057
0404050301868352415232101450000002280000000000000000004218886680641946090006545220001001000166222350069001406196226122000000001000166222350069000093
0404050301868352415232102450000002280000000000000000007324469728060408090006545220001001000166222350069002203576926122000000001000166222350069000297
0404050301868352415232103450000002280000000000000000003825869198711868090006545220001001000166222350069009284870646122000000001000166222350069000261
0404050301868352415232104450000002280000000000000000003086214693693362090006545220001001000166222350069009790854116122000000001000166222350069000140
0404050301868352415232105450000002280000000000000000009865859692706591090006545220001001000166222350069008786476376122000000001000166222350069000186
0404050301868352415232106450000002280000000000000000001713027599145447090006545220001001000166222350069005536904036122000000001000166222350069000209
0404050301868352415232107450000002280000000000000000007849707389059393090006545220001001000166222350069009554760586122000000001000166222350069000277
0404050301868352415232108450000002280000000000000000003000360356431553090006545220001001000166222350069009199442436122000000001000166222350069000202
0404050301868352415232109450000002280000000000000000008446929241457160090006545220001001000166222350069003674309556122000000001000166222350069000136
