0404050301868352415232100460000002280000000000000000008737166114625040090006545220001001000166222350069002935744246122000000001000166222350069000001
0404050301868352415232101460000002280000000000000000004989691365586566090006545220001001000166222350069000554645866122000000001000166222350069000109
0404050301868352415232102460000002280000000000000000001352550662333250090006545220001001000166222350069008262018906122000000001000166222350069000267
0404050301868352415232103460000002280000000000000000000605331630890867090006545220001001000166222350069000911592456122000000001000166222350069000115
0404050301868352415232104460000002280000000000000000006482451541829719090006545220001001000166222350069000357886996122000000001000166222350069000113
0404050301868352415232105460000002280000000000000000006962255427024168090006545220001001000166222350069007151258236122000000001000166222350069000001
0404050301868352415232106460000002280000000000000000001035925830151432090006545220001001000166222350069002338088916122000000001000166222350069000255
0404050301868352415232107460000002280000000000000000005274845412179818090006545220001001000166222350069007008931596122000000001000166222350069000252
0404050301868352415232108460000002280000000000000000005278501373460232090006545220001001000166222350069005922062456122000000001000166222350069000089
0404050301868352415232109460000002280000000000000000003028515262630653090006545220001001000166222350069009878282336122000000001000166222350069000261
