0404050301868352415232100480000002280000000000000000001936529023295636090006545220001001000166222350069006793476046122000000001000166222350069000045
0404050301868352415232101480000002280000000000000000006030960887361767090006545220001001000166222350069006530655316122000000001000166222350069000028
0404050301868352415232102480000002280000000000000000001644987106245827090006545220001001000166222350069004549319816122000000001000166222350069000103
0404050301868352415232103480000002280000000000000000000952608431250124090006545220001001000166222350069000367292506122000000001000166222350069000103
0404050301868352415232104480000002280000000000000000001545432034585606090006545220001001000166222350069005365740126122000000001000166222350069000179
0404050301868352415232105480000002280000000000000000003675268524386892090006545220001001000166222350069003245572926122000000001000166222350069000192
0404050301868352415232106480000002280000000000000000007715879184360162090006545220001001000166222350069004377134266122000000001000166222350069000129
0404050301868352415232107480000002280000000000000000004960381513355540090006545220001001000166222350069004071303886122000000001000166222350069000097
0404050301868352415232108480000002280000000000000000009733767298378611090006545220001001000166222350069000816905236122000000001000166222350069000110
0404050301868352415232109480000002280000000000000000007835330540525402090006545220001001000166222350069001230292456122000000001000166222350069000191
