0404050301868352415232100490000002280000000000000000005376663077953049090006545220001001000166222350069003138208076122000000001000166222350069000287
0404050301868352415232101490000002280000000000000000009992022302981434090006545220001001000166222350069001910926466122000000001000166222350069000112
0404050301868352415232102490000002280000000000000000008204174843737332090006545220001001000166222350069007107076426122000000001000166222350069000226
0404050301868352415232103490000002280000000000000000007367719689121971090006545220001001000166222350069006341486926122000000001000166222350069000029
0404050301868352415232104490000002280000000000000000004633851396492597090006545220001001000166222350069005725194386122000000001000166222350069000163
0404050301868352415232105490000002280000000000000000004411219424173708090006545220001001000166222350069008291449386122000000001000166222350069000029
0404050301868352415232106490000002280000000000000000009070557436575447090006545220001001000166222350069004990990536122000000001000166222350069000261
0404050301868352415232107490000002280000000000000000006101198000759563090006545220001001000166222350069002626694616122000000001000166222350069000139
0404050301868352415232108490000002280000000000000000001271992858194988090006545220001001000166222350069008783377366122000000001000166222350069000288
0404050301868352415232109490000002280000000000000000008371985624463474090006545220001001000166222350069006570653296122000000001000166222350069000146
