0404050301868352415232100520000002280000000000000000004936393920377484090006545220001001000166222350069007381961556122000000001000166222350069000112
0404050301868352415232101520000002280000000000000000009378162972783037090006545220001001000166222350069000430721646122000000001000166222350069000116
0404050301868352415232102520000002280000000000000000001179750208099521090006545220001001000166222350069004077395116122000000001000166222350069000272
0404050301868352415232103520000002280000000000000000001778232704253807090006545220001001000166222350069003304556326122000000001000166222350069000169
0404050301868352415232104520000002280000000000000000006067858965643141090006545220001001000166222350069003345375916122000000001000166222350069000215
0404050301868352415232105520000002280000000000000000001659225592758986090006545220001001000166222350069005358266866122000000001000166222350069000114
0404050301868352415232106520000002280000000000000000005310926953353707090006545220001001000166222350069004167413706122000000001000166222350069000276
0404050301868352415232107520000002280000000000000000002401817281845108090006545220001001000166222350069008880114366122000000001000166222350069000130
0404050301868352415232108520000002280000000000000000009850542639338358090006545220001001000166222350069005418599166122000000001000166222350069000179
0404050301868352415232109520000002280000000000000000009617915198009010090006545220001001000166222350069002866946236122000000001000166222350069000273
