0404050301868352415232100540000002280000000000000000000698090606811455090006545220001001000166222350069009485982356122000000001000166222350069000277
0404050301868352415232101540000002280000000000000000005141655848811628090006545220001001000166222350069002291700526122000000001000166222350069000241
0404050301868352415232102540000002280000000000000000005234793316641230090006545220001001000166222350069001711119536122000000001000166222350069000105
0404050301868352415232103540000002280000000000000000005037016977521456090006545220001001000166222350069006171917126122000000001000166222350069000009
0404050301868352415232104540000002280000000000000000008508217877446865090006545220001001000166222350069004561394536122000000001000166222350069000296
0404050301868352415232105540000002280000000000000000009972888392563348090006545220001001000166222350069001318835506122000000001000166222350069000281
0404050301868352415232106540000002280000000000000000003150934135362254090006545220001001000166222350069009774067136122000000001000166222350069000057
0404050301868352415232107540000002280000000000000000003064702423970966090006545220001001000166222350069005476886416122000000001000166222350069000161
0404050301868352415232108540000002280000000000000000003262947722122760090006545220001001000166222350069004246611866122000000001000166222350069000167
0404050301868352415232109540000002280000000000000000006129692848865593090006545220001001000166222350069002505332316122000000001000166222350069000201
