0404050301868352415232100550000002280000000000000000001341569188339166090006545220001001000166222350069007451052446122000000001000166222350069000050
0404050301868352415232101550000002280000000000000000002481962458324778090006545220001001000166222350069000894163556122000000001000166222350069000014
0404050301868352415232102550000002280000000000000000009489253070287254090006545220001001000166222350069006394574136122000000001000166222350069000076
0404050301868352415232103550000002280000000000000000000034115065383842090006545220001001000166222350069005072240266122000000001000166222350069000170
0404050301868352415232104550000002280000000000000000009339060757446657090006545220001001000166222350069009047086356122000000001000166222350069000212
0404050301868352415232105550000002280000000000000000009847570042359968090006545220001001000166222350069008876268476122000000001000166222350069000245
0404050301868352415232106550000002280000000000000000003125471332741555090006545220001001000166222350069000900270506122000000001000166222350069000116
0404050301868352415232107550000002280000000000000000009374035772231886090006545220001001000166222350069003769705586122000000001000166222350069000047
0404050301868352415232108550000002280000000000000000008298083976607868090006545220001001000166222350069004802063826122000000001000166222350069000088
0404050301868352415232109550000002280000000000000000003129513989425369090006545220001001000166222350069000431983476122000000001000166222350069000092
