0404050301868352415232100570000002280000000000000000009875278930599657090006545220001001000166222350069001413647326122000000001000166222350069000096
0404050301868352415232101570000002280000000000000000002866541441219230090006545220001001000166222350069008660700786122000000001000166222350069000108
0404050301868352415232102570000002280000000000000000006707212269971038090006545220001001000166222350069007212286026122000000001000166222350069000187
0404050301868352415232103570000002280000000000000000003735316162655481090006545220001001000166222350069009797015576122000000001000166222350069000171
0404050301868352415232104570000002280000000000000000004024755265078176090006545220001001000166222350069000734012426122000000001000166222350069000132
0404050301868352415232105570000002280000000000000000006485289132238581090006545220001001000166222350069001591769296122000000001000166222350069000129
0404050301868352415232106570000002280000000000000000005394495465312867090006545220001001000166222350069007827898476122000000001000166222350069000298
0404050301868352415232107570000002280000000000000000002469366223916724090006545220001001000166222350069002523133336122000000001000166222350069000293
0404050301868352415232108570000002280000000000000000005298292322493755090006545220001001000166222350069008351045476122000000001000166222350069000052
0404050301868352415232109570000002280000000000000000008352510507129039090006545220001001000166222350069001122512616122000000001000166222350069000053
