0404050301868352415232100580000002280000000000000000002776341159164091090006545220001001000166222350069004877187336122000000001000166222350069000287
0404050301868352415232101580000002280000000000000000003003097867269050090006545220001001000166222350069008359176676122000000001000166222350069000293
0404050301868352415232102580000002280000000000000000002446580765212072090006545220001001000166222350069007268867876122000000001000166222350069000259
0404050301868352415232103580000002280000000000000000008273801311124537090006545220001001000166222350069009373095296122000000001000166222350069000256
0404050301868352415232104580000002280000000000000000009787932134689463090006545220001001000166222350069002464373066122000000001000166222350069000282
0404050301868352415232105580000002280000000000000000004815665364049751090006545220001001000166222350069002604472066122000000001000166222350069000123
0404050301868352415232106580000002280000000000000000005890942478787463090006545220001001000166222350069008917515726122000000001000166222350069000133
0404050301868352415232107580000002280000000000000000007820173729880491090006545220001001000166222350069005676017946122000000001000166222350069000180
0404050301868352415232108580000002280000000000000000001032078611705583090006545220001001000166222350069002731349546122000000001000166222350069000184
0404050301868352415232109580000002280000000000000000005132939035744394090006545220001001000166222350069005243902076122000000001000166222350069000106
