0404050301868352415232100590000002280000000000000000003770070766760224090006545220001001000166222350069009537907226122000000001000166222350069000207
0404050301868352415232101590000002280000000000000000006392788725962512090006545220001001000166222350069004419830626122000000001000166222350069000168
0404050301868352415232102590000002280000000000000000008994887417202746090006545220001001000166222350069000088084286122000000001000166222350069000281
0404050301868352415232103590000002280000000000000000008707441168095080090006545220001001000166222350069004777104876122000000001000166222350069000239
0404050301868352415232104590000002280000000000000000009037957048984053090006545220001001000166222350069005317404706122000000001000166222350069000180
0404050301868352415232105590000002280000000000000000002048801890667794090006545220001001000166222350069002705083386122000000001000166222350069000090
0404050301868352415232106590000002280000000000000000007429878971166145090006545220001001000166222350069006872996736122000000001000166222350069000067
0404050301868352415232107590000002280000000000000000000727395041024928090006545220001001000166222350069001664925276122000000001000166222350069000286
0404050301868352415232108590000002280000000000000000008543842770746790090006545220001001000166222350069002214171446122000000001000166222350069000056
0404050301868352415232109590000002280000000000000000003773980120666701090006545220001001000166222350069000143070296122000000001000166222350069000168
