0404050301868352415232100600000002280000000000000000001670012541825626090006545220001001000166222350069004763618246122000000001000166222350069000239
0404050301868352415232101600000002280000000000000000007503993982127420090006545220001001000166222350069009655392756122000000001000166222350069000175
0404050301868352415232102600000002280000000000000000003660707366737914090006545220001001000166222350069002922266796122000000001000166222350069000001
0404050301868352415232103600000002280000000000000000007604093900805683090006545220001001000166222350069004053961716122000000001000166222350069000153
0404050301868352415232104600000002280000000000000000007976599331218396090006545220001001000166222350069003388660266122000000001000166222350069000182
0404050301868352415232105600000002280000000000000000009357718782930889090006545220001001000166222350069003547586366122000000001000166222350069000064
0404050301868352415232106600000002280000000000000000001578150309984140090006545220001001000166222350069004999345136122000000001000166222350069000135
0404050301868352415232107600000002280000000000000000006506599879334644090006545220001001000166222350069007241719816122000000001000166222350069000059
0404050301868352415232108600000002280000000000000000009142842304209178090006545220001001000166222350069009614295656122000000001000166222350069000050
0404050301868352415232109600000002280000000000000000005954101361088959090006545220001001000166222350069003082172016122000000001000166222350069000258
