0404050301868352415232100610000002280000000000000000009272603205791405090006545220001001000166222350069007411188336122000000001000166222350069000214
0404050301868352415232101610000002280000000000000000003890069924150689090006545220001001000166222350069004914899636122000000001000166222350069000266
0404050301868352415232102610000002280000000000000000000542923435926924090006545220001001000166222350069001931119746122000000001000166222350069000186
0404050301868352415232103610000002280000000000000000001721894067666638090006545220001001000166222350069009689933246122000000001000166222350069000069
0404050301868352415232104610000002280000000000000000008790535864033575090006545220001001000166222350069009485254666122000000001000166222350069000295
0404050301868352415232105610000002280000000000000000009784916622535752090006545220001001000166222350069008109916866122000000001000166222350069000195
0404050301868352415232106610000002280000000000000000008167119180787978090006545220001001000166222350069007461201636122000000001000166222350069000280
0404050301868352415232107610000002280000000000000000005623486036740328090006545220001001000166222350069003614752356122000000001000166222350069000137
0404050301868352415232108610000002280000000000000000004891534826542770090006545220001001000166222350069000304130986122000000001000166222350069000035
0404050301868352415232109610000002280000000000000000006189989430773761090006545220001001000166222350069008704070526122000000001000166222350069000195
