0404050301868352415232100620000002280000000000000000008181682901767720090006545220001001000166222350069006719470756122000000001000166222350069000192
0404050301868352415232101620000002280000000000000000007982359096237083090006545220001001000166222350069004353960466122000000001000166222350069000100
0404050301868352415232102620000002280000000000000000001552958008377716090006545220001001000166222350069001495474606122000000001000166222350069000028
0404050301868352415232103620000002280000000000000000004515151860469185090006545220001001000166222350069002830165626122000000001000166222350069000014
0404050301868352415232104620000002280000000000000000001730346166014918090006545220001001000166222350069005843254266122000000001000166222350069000150
0404050301868352415232105620000002280000000000000000002427812318410628090006545220001001000166222350069004381698976122000000001000166222350069000003
0404050301868352415232106620000002280000000000000000008402868628442791090006545220001001000166222350069002720186996122000000001000166222350069000266
0404050301868352415232107620000002280000000000000000006327713913713456090006545220001001000166222350069004683847586122000000001000166222350069000205
0404050301868352415232108620000002280000000000000000002734552969440097090006545220001001000166222350069009778620606122000000001000166222350069000098
0404050301868352415232109620000002280000000000000000004923535436463001090006545220001001000166222350069005451463726122000000001000166222350069000241
