0404050301868352415232100660000002280000000000000000005921996413048680090006545220001001000166222350069009405052106122000000001000166222350069000268
0404050301868352415232101660000002280000000000000000005569669746361564090006545220001001000166222350069003066581936122000000001000166222350069000278
0404050301868352415232102660000002280000000000000000001993410732661510090006545220001001000166222350069003236340296122000000001000166222350069000146
0404050301868352415232103660000002280000000000000000003126655998101120090006545220001001000166222350069005728143076122000000001000166222350069000166
0404050301868352415232104660000002280000000000000000006406813174006058090006545220001001000166222350069003955353386122000000001000166222350069000207
0404050301868352415232105660000002280000000000000000002897861140961854090006545220001001000166222350069007922792586122000000001000166222350069000291
0404050301868352415232106660000002280000000000000000009479840612294556090006545220001001000166222350069005602229746122000000001000166222350069000159
0404050301868352415232107660000002280000000000000000001803922035146995090006545220001001000166222350069009675046476122000000001000166222350069000111
0404050301868352415232108660000002280000000000000000002905594940535955090006545220001001000166222350069007253675106122000000001000166222350069000260
0404050301868352415232109660000002280000000000000000001757526903216190090006545220001001000166222350069004510127576122000000001000166222350069000108
