0404050301868352415232100690000002280000000000000000007378608704509296090006545220001001000166222350069000719867776122000000001000166222350069000156
0404050301868352415232101690000002280000000000000000005520501371376285090006545220001001000166222350069003878956836122000000001000166222350069000067
0404050301868352415232102690000002280000000000000000005455331034158066090006545220001001000166222350069001193870286122000000001000166222350069000178
0404050301868352415232103690000002280000000000000000006708639038790116090006545220001001000166222350069002162789176122000000001000166222350069000211
0404050301868352415232104690000002280000000000000000001604248432381328090006545220001001000166222350069005326316546122000000001000166222350069000136
0404050301868352415232105690000002280000000000000000004705034112278600090006545220001001000166222350069006141384996122000000001000166222350069000177
0404050301868352415232106690000002280000000000000000009055349895347719090006545220001001000166222350069001885782516122000000001000166222350069000273
0404050301868352415232107690000002280000000000000000007328315142409050090006545220001001000166222350069003704301266122000000001000166222350069000257
0404050301868352415232108690000002280000000000000000003262352682385711090006545220001001000166222350069005043273036122000000001000166222350069000186
0404050301868352415232109690000002280000000000000000000726580867238962090006545220001001000166222350069001910482506122000000001000166222350069000262
