0404050301868352415232100710000002280000000000000000005091914996977427090006545220001001000166222350069002963255906122000000001000166222350069000129
0404050301868352415232101710000002280000000000000000007310713518158833090006545220001001000166222350069000334171576122000000001000166222350069000295
0404050301868352415232102710000002280000000000000000006573898822494012090006545220001001000166222350069003868826766122000000001000166222350069000168
0404050301868352415232103710000002280000000000000000004161440661255212090006545220001001000166222350069009910658366122000000001000166222350069000050
0404050301868352415232104710000002280000000000000000008537850745641063090006545220001001000166222350069006092566216122000000001000166222350069000076
0404050301868352415232105710000002280000000000000000001777108775133449090006545220001001000166222350069005593882556122000000001000166222350069000115
0404050301868352415232106710000002280000000000000000001766979727772747090006545220001001000166222350069004030149826122000000001000166222350069000253
0404050301868352415232107710000002280000000000000000001230231337168825090006545220001001000166222350069008552270676122000000001000166222350069000180
0404050301868352415232108710000002280000000000000000001724985751846058090006545220001001000166222350069008919837366122000000001000166222350069000227
0404050301868352415232109710000002280000000000000000007584536354868918090006545220001001000166222350069002675659596122000000001000166222350069000170
