0404050301868352415232100740000002280000000000000000002222734631602567090006545220001001000166222350069002239576366122000000001000166222350069000097
0404050301868352415232101740000002280000000000000000002974480677452321090006545220001001000166222350069005539659796122000000001000166222350069000147
0404050301868352415232102740000002280000000000000000007015557023827047090006545220001001000166222350069005460910816122000000001000166222350069000121
0404050301868352415232103740000002280000000000000000000727659706984193090006545220001001000166222350069001039608116122000000001000166222350069000260
0404050301868352415232104740000002280000000000000000000117858200961967090006545220001001000166222350069001359438276122000000001000166222350069000272
0404050301868352415232105740000002280000000000000000009345158502768319090006545220001001000166222350069006092028856122000000001000166222350069000106
0404050301868352415232106740000002280000000000000000001249222579806208090006545220001001000166222350069004643810916122000000001000166222350069000180
0404050301868352415232107740000002280000000000000000002441487653890225090006545220001001000166222350069007803856626122000000001000166222350069000213
0404050301868352415232108740000002280000000000000000007092829640426030090006545220001001000166222350069004905276176122000000001000166222350069000084
0404050301868352415232109740000002280000000000000000002309762828630718090006545220001001000166222350069008056415386122000000001000166222350069000267
