0404050301868352415232100750000002280000000000000000005872504591912889090006545220001001000166222350069007202507756122000000001000166222350069000084
0404050301868352415232101750000002280000000000000000009402011258104597090006545220001001000166222350069009485245276122000000001000166222350069000001
0404050301868352415232102750000002280000000000000000001395816996265042090006545220001001000166222350069008801700906122000000001000166222350069000283
0404050301868352415232103750000002280000000000000000006242946042042085090006545220001001000166222350069006695889426122000000001000166222350069000276
0404050301868352415232104750000002280000000000000000007677477455369590090006545220001001000166222350069009994647626122000000001000166222350069000299
0404050301868352415232105750000002280000000000000000003786914250500065090006545220001001000166222350069008216424186122000000001000166222350069000242
0404050301868352415232106750000002280000000000000000009686329731869807090006545220001001000166222350069002258550086122000000001000166222350069000019
0404050301868352415232107750000002280000000000000000004532466443628300090006545220001001000166222350069004523898096122000000001000166222350069000039
0404050301868352415232108750000002280000000000000000003857835131748647090006545220001001000166222350069000504801826122000000001000166222350069000111
0404050301868352415232109750000002280000000000000000002201804920090395090006545220001001000166222350069003838035766122000000001000166222350069000210
