0404050301868352415232100770000002280000000000000000001058769534370214090006545220001001000166222350069009430659536122000000001000166222350069000296
0404050301868352415232101770000002280000000000000000007031106995469477090006545220001001000166222350069002571924756122000000001000166222350069000242
0404050301868352415232102770000002280000000000000000005720015681061571090006545220001001000166222350069003018246926122000000001000166222350069000218
0404050301868352415232103770000002280000000000000000009093077335968310090006545220001001000166222350069004388558236122000000001000166222350069000269
0404050301868352415232104770000002280000000000000000006945331239104581090006545220001001000166222350069007851845086122000000001000166222350069000067
0404050301868352415232105770000002280000000000000000008313040556786571090006545220001001000166222350069007643497756122000000001000166222350069000097
0404050301868352415232106770000002280000000000000000006510086686537755090006545220001001000166222350069009594677116122000000001000166222350069000082
0404050301868352415232107770000002280000000000000000009660252268601101090006545220001001000166222350069006442642696122000000001000166222350069000167
0404050301868352415232108770000002280000000000000000000253036340547488090006545220001001000166222350069002114182566122000000001000166222350069000192
0404050301868352415232109770000002280000000000000000003582049980248864090006545220001001000166222350069002828950896122000000001000166222350069000128
