0404050301868352415232100790000002280000000000000000007889078456961300090006545220001001000166222350069001036178526122000000001000166222350069000054
0404050301868352415232101790000002280000000000000000007809291621414254090006545220001001000166222350069005801139456122000000001000166222350069000006
0404050301868352415232102790000002280000000000000000008962520924466694090006545220001001000166222350069001032781226122000000001000166222350069000279
0404050301868352415232103790000002280000000000000000004228016698636906090006545220001001000166222350069003049954296122000000001000166222350069000244
0404050301868352415232104790000002280000000000000000001175394889608506090006545220001001000166222350069004786938866122000000001000166222350069000177
0404050301868352415232105790000002280000000000000000007590371432144879090006545220001001000166222350069009678693006122000000001000166222350069000103
0404050301868352415232106790000002280000000000000000001328923928070158090006545220001001000166222350069002068762116122000000001000166222350069000223
0404050301868352415232107790000002280000000000000000001492644404197756090006545220001001000166222350069002042571766122000000001000166222350069000272
0404050301868352415232108790000002280000000000000000009422165820307788090006545220001001000166222350069002124506816122000000001000166222350069000159
0404050301868352415232109790000002280000000000000000009177235644040437090006545220001001000166222350069004995828936122000000001000166222350069000006
