0404050301868352415232100820000002280000000000000000003632956821082152090006545220001001000166222350069005515450766122000000001000166222350069000146
0404050301868352415232101820000002280000000000000000002979087520658933090006545220001001000166222350069003161701676122000000001000166222350069000125
0404050301868352415232102820000002280000000000000000004523290274251667090006545220001001000166222350069002607551326122000000001000166222350069000290
0404050301868352415232103820000002280000000000000000008278580594625659090006545220001001000166222350069005820242356122000000001000166222350069000129
0404050301868352415232104820000002280000000000000000006444349301256478090006545220001001000166222350069009318302446122000000001000166222350069000191
0404050301868352415232105820000002280000000000000000006207872593765173090006545220001001000166222350069004678557836122000000001000166222350069000289
0404050301868352415232106820000002280000000000000000001647666817653605090006545220001001000166222350069001678668436122000000001000166222350069000237
0404050301868352415232107820000002280000000000000000005912575324789116090006545220001001000166222350069007735754326122000000001000166222350069000275
0404050301868352415232108820000002280000000000000000005796119458217061090006545220001001000166222350069000675558966122000000001000166222350069000058
0404050301868352415232109820000002280000000000000000008963837194131356090006545220001001000166222350069004890189456122000000001000166222350069000159
