0404050301868352415232100830000002280000000000000000002829030332095832090006545220001001000166222350069009390249886122000000001000166222350069000131
0404050301868352415232101830000002280000000000000000004354066735584742090006545220001001000166222350069003497245676122000000001000166222350069000047
0404050301868352415232102830000002280000000000000000005277627593903949090006545220001001000166222350069004022859866122000000001000166222350069000247
0404050301868352415232103830000002280000000000000000004068182154431162090006545220001001000166222350069001897545886122000000001000166222350069000296
0404050301868352415232104830000002280000000000000000004064183713103310090006545220001001000166222350069003661051036122000000001000166222350069000104
0404050301868352415232105830000002280000000000000000000991259429616810090006545220001001000166222350069008388995746122000000001000166222350069000050
0404050301868352415232106830000002280000000000000000008430638591992963090006545220001001000166222350069007636022716122000000001000166222350069000133
0404050301868352415232107830000002280000000000000000003247693344362792090006545220001001000166222350069001240519916122000000001000166222350069000261
0404050301868352415232108830000002280000000000000000001666731672297119090006545220001001000166222350069001024321666122000000001000166222350069000133
0404050301868352415232109830000002280000000000000000005052119971955661090006545220001001000166222350069005894159326122000000001000166222350069000085
