0404050301868352415232100850000002280000000000000000009479250466039200090006545220001001000166222350069009854012626122000000001000166222350069000185
0404050301868352415232101850000002280000000000000000006361380412199157090006545220001001000166222350069004358838036122000000001000166222350069000061
0404050301868352415232102850000002280000000000000000006193593904884636090006545220001001000166222350069008254118606122000000001000166222350069000224
0404050301868352415232103850000002280000000000000000002228688812264262090006545220001001000166222350069004360401266122000000001000166222350069000037
0404050301868352415232104850000002280000000000000000004469181778029163090006545220001001000166222350069006565730846122000000001000166222350069000191
0404050301868352415232105850000002280000000000000000002214956384695923090006545220001001000166222350069006362197566122000000001000166222350069000016
0404050301868352415232106850000002280000000000000000005528410817876205090006545220001001000166222350069009059873006122000000001000166222350069000267
0404050301868352415232107850000002280000000000000000000014311157042246090006545220001001000166222350069005819893456122000000001000166222350069000174
0404050301868352415232108850000002280000000000000000005331933083750493090006545220001001000166222350069005425083076122000000001000166222350069000021
0404050301868352415232109850000002280000000000000000008574073299766517090006545220001001000166222350069004758611936122000000001000166222350069000028
