0404050301868352415232100860000002280000000000000000004429744738475078090006545220001001000166222350069002333440506122000000001000166222350069000250
0404050301868352415232101860000002280000000000000000009235902340977855090006545220001001000166222350069005772674306122000000001000166222350069000135
0404050301868352415232102860000002280000000000000000005571382500558107090006545220001001000166222350069000937031436122000000001000166222350069000220
0404050301868352415232103860000002280000000000000000008627014576269724090006545220001001000166222350069005363167816122000000001000166222350069000134
0404050301868352415232104860000002280000000000000000006005584924505371090006545220001001000166222350069000149644796122000000001000166222350069000229
0404050301868352415232105860000002280000000000000000003808420642814740090006545220001001000166222350069005205202396122000000001000166222350069000166
0404050301868352415232106860000002280000000000000000000781062683178173090006545220001001000166222350069001348612786122000000001000166222350069000104
0404050301868352415232107860000002280000000000000000004274283072854984090006545220001001000166222350069004754973756122000000001000166222350069000289
0404050301868352415232108860000002280000000000000000007420667370914157090006545220001001000166222350069009891646276122000000001000166222350069000053
0404050301868352415232109860000002280000000000000000009744896982885628090006545220001001000166222350069007268104016122000000001000166222350069000116
