0404050301868352415232100870000002280000000000000000000312727660401226090006545220001001000166222350069001588627226122000000001000166222350069000286
0404050301868352415232101870000002280000000000000000005752313371652375090006545220001001000166222350069006912060676122000000001000166222350069000007
0404050301868352415232102870000002280000000000000000009244050892902219090006545220001001000166222350069000975632656122000000001000166222350069000274
0404050301868352415232103870000002280000000000000000003913570765335367090006545220001001000166222350069004528880176122000000001000166222350069000192
0404050301868352415232104870000002280000000000000000009348751574728124090006545220001001000166222350069006419786426122000000001000166222350069000153
0404050301868352415232105870000002280000000000000000001810795371997020090006545220001001000166222350069005516768416122000000001000166222350069000248
0404050301868352415232106870000002280000000000000000005171210586164394090006545220001001000166222350069008083089086122000000001000166222350069000153
0404050301868352415232107870000002280000000000000000004283108557581568090006545220001001000166222350069005591449046122000000001000166222350069000162
0404050301868352415232108870000002280000000000000000008355332495895856090006545220001001000166222350069006793631736122000000001000166222350069000164
0404050301868352415232109870000002280000000000000000007462822100414875090006545220001001000166222350069009066162106122000000001000166222350069000259
