0404050301868352415232100880000002280000000000000000004914261154973899090006545220001001000166222350069009737776906122000000001000166222350069000276
0404050301868352415232101880000002280000000000000000004917134969481901090006545220001001000166222350069003677383876122000000001000166222350069000236
0404050301868352415232102880000002280000000000000000005383404413624269090006545220001001000166222350069009377808796122000000001000166222350069000184
0404050301868352415232103880000002280000000000000000002048749728759418090006545220001001000166222350069006958845356122000000001000166222350069000193
0404050301868352415232104880000002280000000000000000006252875572681902090006545220001001000166222350069005105731176122000000001000166222350069000166
0404050301868352415232105880000002280000000000000000005811974554505608090006545220001001000166222350069003670050156122000000001000166222350069000185
0404050301868352415232106880000002280000000000000000009872217699616294090006545220001001000166222350069002561432296122000000001000166222350069000195
0404050301868352415232107880000002280000000000000000001748102726671103090006545220001001000166222350069000772575056122000000001000166222350069000132
0404050301868352415232108880000002280000000000000000005471155999542353090006545220001001000166222350069007343564546122000000001000166222350069000051
0404050301868352415232109880000002280000000000000000005700945813719333090006545220001001000166222350069008586147556122000000001000166222350069000159
