0404050301868352415232100910000002280000000000000000007231084385010669090006545220001001000166222350069001405543536122000000001000166222350069000053
0404050301868352415232101910000002280000000000000000009762460890602594090006545220001001000166222350069009247179686122000000001000166222350069000094
0404050301868352415232102910000002280000000000000000001329449935852854090006545220001001000166222350069004173804836122000000001000166222350069000157
0404050301868352415232103910000002280000000000000000006946658239731095090006545220001001000166222350069000850812846122000000001000166222350069000191
0404050301868352415232104910000002280000000000000000009794963176914062090006545220001001000166222350069009015259486122000000001000166222350069000263
0404050301868352415232105910000002280000000000000000003743615768847758090006545220001001000166222350069009922508376122000000001000166222350069000147
0404050301868352415232106910000002280000000000000000000714474976798600090006545220001001000166222350069001340321076122000000001000166222350069000259
0404050301868352415232107910000002280000000000000000008975633467656294090006545220001001000166222350069005362366396122000000001000166222350069000103
0404050301868352415232108910000002280000000000000000001512954489086133090006545220001001000166222350069001875960906122000000001000166222350069000172
0404050301868352415232109910000002280000000000000000006362770885097777090006545220001001000166222350069001338658336122000000001000166222350069000256
