0404050301868352415232100920000002280000000000000000002334756725085129090006545220001001000166222350069004277064766122000000001000166222350069000010
0404050301868352415232101920000002280000000000000000006951040499780783090006545220001001000166222350069002018165686122000000001000166222350069000210
0404050301868352415232102920000002280000000000000000005599130900174793090006545220001001000166222350069000907017886122000000001000166222350069000104
0404050301868352415232103920000002280000000000000000008316604833075254090006545220001001000166222350069008199425346122000000001000166222350069000019
0404050301868352415232104920000002280000000000000000008498137407976264090006545220001001000166222350069004231339876122000000001000166222350069000048
0404050301868352415232105920000002280000000000000000006534233483251426090006545220001001000166222350069003702700446122000000001000166222350069000191
0404050301868352415232106920000002280000000000000000007926520825036159090006545220001001000166222350069006688829256122000000001000166222350069000294
0404050301868352415232107920000002280000000000000000004498635860364063090006545220001001000166222350069000874901726122000000001000166222350069000139
0404050301868352415232108920000002280000000000000000008737069869470702090006545220001001000166222350069006663430656122000000001000166222350069000046
0404050301868352415232109920000002280000000000000000004905877122292076090006545220001001000166222350069001544346246122000000001000166222350069000079
