0404050301868352415232100930000002280000000000000000007122869157260346090006545220001001000166222350069000557892786122000000001000166222350069000154
0404050301868352415232101930000002280000000000000000001705697511411391090006545220001001000166222350069007114365926122000000001000166222350069000284
0404050301868352415232102930000002280000000000000000000793025973043733090006545220001001000166222350069001513517176122000000001000166222350069000190
0404050301868352415232103930000002280000000000000000003226393301768940090006545220001001000166222350069005902392886122000000001000166222350069000135
0404050301868352415232104930000002280000000000000000001611347771284978090006545220001001000166222350069007655204266122000000001000166222350069000123
0404050301868352415232105930000002280000000000000000008984282330592506090006545220001001000166222350069003497461266122000000001000166222350069000277
0404050301868352415232106930000002280000000000000000005671616125757880090006545220001001000166222350069008170589026122000000001000166222350069000148
0404050301868352415232107930000002280000000000000000002005861529796781090006545220001001000166222350069004852475386122000000001000166222350069000159
0404050301868352415232108930000002280000000000000000002962586220235745090006545220001001000166222350069001750468746122000000001000166222350069000238
0404050301868352415232109930000002280000000000000000005870972117704357090006545220001001000166222350069003698885946122000000001000166222350069000212
