0404050301868352415232100970000002280000000000000000004253433553112623090006545220001001000166222350069008469234026122000000001000166222350069000175
0404050301868352415232101970000002280000000000000000001352445226217043090006545220001001000166222350069006949342036122000000001000166222350069000088
0404050301868352415232102970000002280000000000000000001132792715053535090006545220001001000166222350069003207689966122000000001000166222350069000079
0404050301868352415232103970000002280000000000000000009865187216829134090006545220001001000166222350069003441690716122000000001000166222350069000075
0404050301868352415232104970000002280000000000000000007424186300119454090006545220001001000166222350069009230178336122000000001000166222350069000124
0404050301868352415232105970000002280000000000000000003837338812087534090006545220001001000166222350069001024479256122000000001000166222350069000182
0404050301868352415232106970000002280000000000000000003126407528099020090006545220001001000166222350069008334456196122000000001000166222350069000069
0404050301868352415232107970000002280000000000000000000266533030562633090006545220001001000166222350069002745270756122000000001000166222350069000072
0404050301868352415232108970000002280000000000000000009683869520485978090006545220001001000166222350069001642900946122000000001000166222350069000023
0404050301868352415232109970000002280000000000000000000983912477816879090006545220001001000166222350069009718208396122000000001000166222350069000182
