0404050301868352415232100990000002280000000000000000002257312161360045090006545220001001000166222350069007271812906122000000001000166222350069000019
0404050301868352415232101990000002280000000000000000009706129052908110090006545220001001000166222350069007864714576122000000001000166222350069000159
0404050301868352415232102990000002280000000000000000005798059178824469090006545220001001000166222350069002523872336122000000001000166222350069000036
0404050301868352415232103990000002280000000000000000003154732119297628090006545220001001000166222350069009646319596122000000001000166222350069000247
0404050301868352415232104990000002280000000000000000004817978028344300090006545220001001000166222350069007958502056122000000001000166222350069000200
0404050301868352415232105990000002280000000000000000004355018306299877090006545220001001000166222350069001949525296122000000001000166222350069000080
0404050301868352415232106990000002280000000000000000001796187048786727090006545220001001000166222350069002684256066122000000001000166222350069000207
0404050301868352415232107990000002280000000000000000004325217133658344090006545220001001000166222350069008402098136122000000001000166222350069000230
0404050301868352415232108990000002280000000000000000008075777924732806090006545220001001000166222350069007327537896122000000001000166222350069000160
0404050301868352415232109990000002280000000000000000004503076774978819090006545220001001000166222350069005250798016122000000001000166222350069000066
